0 	 3 
0.01 	 2.97015 
0.02 	 2.9406 
0.03 	 2.91134 
0.04 	 2.88237 
0.05 	 2.85369 
0.06 	 2.82529 
0.07 	 2.79718 
0.08 	 2.76935 
0.09 	 2.74179 
0.1 	 2.71451 
0.11 	 2.6875 
0.12 	 2.66076 
0.13 	 2.63429 
0.14 	 2.60807 
0.15 	 2.58212 
0.16 	 2.55643 
0.17 	 2.53099 
0.18 	 2.50581 
0.19 	 2.48088 
0.2 	 2.45619 
0.21 	 2.43175 
0.22 	 2.40756 
0.23 	 2.3836 
0.24 	 2.35988 
0.25 	 2.3364 
0.26 	 2.31315 
0.27 	 2.29014 
0.28 	 2.26735 
0.29 	 2.24479 
0.3 	 2.22245 
0.31 	 2.20034 
0.32 	 2.17845 
0.33 	 2.15677 
0.34 	 2.13531 
0.35 	 2.11406 
0.36 	 2.09303 
0.37 	 2.0722 
0.38 	 2.05158 
0.39 	 2.03117 
0.4 	 2.01096 
0.41 	 1.99095 
0.42 	 1.97114 
0.43 	 1.95153 
0.44 	 1.93211 
0.45 	 1.91288 
0.46 	 1.89385 
0.47 	 1.87501 
0.48 	 1.85635 
0.49 	 1.83788 
0.5 	 1.81959 
0.51 	 1.80149 
0.52 	 1.78356 
0.53 	 1.76581 
0.54 	 1.74824 
0.55 	 1.73085 
0.56 	 1.71363 
0.57 	 1.69658 
0.58 	 1.6797 
0.59 	 1.66298 
0.6 	 1.64643 
0.61 	 1.63005 
0.62 	 1.61383 
0.63 	 1.59778 
0.64 	 1.58188 
0.65 	 1.56614 
0.66 	 1.55055 
0.67 	 1.53513 
0.68 	 1.51985 
0.69 	 1.50473 
0.7 	 1.48976 
0.71 	 1.47493 
0.72 	 1.46026 
0.73 	 1.44573 
0.74 	 1.43134 
0.75 	 1.4171 
0.76 	 1.403 
0.77 	 1.38904 
0.78 	 1.37522 
0.79 	 1.36153 
0.8 	 1.34799 
0.81 	 1.33457 
0.82 	 1.32129 
0.83 	 1.30815 
0.84 	 1.29513 
0.85 	 1.28224 
0.86 	 1.26949 
0.87 	 1.25685 
0.88 	 1.24435 
0.89 	 1.23197 
0.9 	 1.21971 
0.91 	 1.20757 
0.92 	 1.19556 
0.93 	 1.18366 
0.94 	 1.17188 
0.95 	 1.16022 
0.96 	 1.14868 
0.97 	 1.13725 
0.98 	 1.12593 
0.99 	 1.11473 
1 	 1.10364 
1.01 	 1.09266 
1.02 	 1.08178 
1.03 	 1.07102 
1.04 	 1.06036 
1.05 	 1.04981 
1.06 	 1.03937 
1.07 	 1.02903 
1.08 	 1.01879 
1.09 	 1.00865 
1.1 	 0.998613 
1.11 	 0.988677 
1.12 	 0.978839 
1.13 	 0.9691 
1.14 	 0.959457 
1.15 	 0.94991 
1.16 	 0.940459 
1.17 	 0.931101 
1.18 	 0.921836 
1.19 	 0.912664 
1.2 	 0.903583 
1.21 	 0.894592 
1.22 	 0.885691 
1.23 	 0.876878 
1.24 	 0.868153 
1.25 	 0.859514 
1.26 	 0.850962 
1.27 	 0.842495 
1.28 	 0.834112 
1.29 	 0.825812 
1.3 	 0.817595 
1.31 	 0.80946 
1.32 	 0.801406 
1.33 	 0.793432 
1.34 	 0.785537 
1.35 	 0.777721 
1.36 	 0.769982 
1.37 	 0.762321 
1.38 	 0.754736 
1.39 	 0.747226 
1.4 	 0.739791 
1.41 	 0.73243 
1.42 	 0.725142 
1.43 	 0.717927 
1.44 	 0.710783 
1.45 	 0.703711 
1.46 	 0.696709 
1.47 	 0.689776 
1.48 	 0.682913 
1.49 	 0.676118 
1.5 	 0.66939 
1.51 	 0.66273 
1.52 	 0.656136 
1.53 	 0.649607 
1.54 	 0.643143 
1.55 	 0.636744 
1.56 	 0.630408 
1.57 	 0.624136 
1.58 	 0.617925 
1.59 	 0.611777 
1.6 	 0.60569 
1.61 	 0.599663 
1.62 	 0.593696 
1.63 	 0.587789 
1.64 	 0.58194 
1.65 	 0.57615 
1.66 	 0.570417 
1.67 	 0.564741 
1.68 	 0.559122 
1.69 	 0.553559 
1.7 	 0.548051 
1.71 	 0.542597 
1.72 	 0.537198 
1.73 	 0.531853 
1.74 	 0.526561 
1.75 	 0.521322 
1.76 	 0.516135 
1.77 	 0.510999 
1.78 	 0.505914 
1.79 	 0.500881 
1.8 	 0.495897 
1.81 	 0.490962 
1.82 	 0.486077 
1.83 	 0.481241 
1.84 	 0.476452 
1.85 	 0.471711 
1.86 	 0.467018 
1.87 	 0.462371 
1.88 	 0.45777 
1.89 	 0.453215 
1.9 	 0.448706 
1.91 	 0.444241 
1.92 	 0.439821 
1.93 	 0.435445 
1.94 	 0.431112 
1.95 	 0.426822 
1.96 	 0.422575 
1.97 	 0.418371 
1.98 	 0.414208 
1.99 	 0.410086 
2 	 0.406006 
2.01 	 0.401966 
2.02 	 0.397966 
2.03 	 0.394007 
2.04 	 0.390086 
2.05 	 0.386205 
2.06 	 0.382362 
2.07 	 0.378557 
2.08 	 0.374791 
2.09 	 0.371061 
2.1 	 0.367369 
2.11 	 0.363714 
2.12 	 0.360095 
2.13 	 0.356512 
2.14 	 0.352965 
2.15 	 0.349452 
2.16 	 0.345975 
2.17 	 0.342533 
2.18 	 0.339125 
2.19 	 0.33575 
2.2 	 0.332409 
2.21 	 0.329102 
2.22 	 0.325827 
2.23 	 0.322585 
2.24 	 0.319376 
2.25 	 0.316198 
2.26 	 0.313051 
2.27 	 0.309937 
2.28 	 0.306853 
2.29 	 0.303799 
2.3 	 0.300777 
2.31 	 0.297784 
2.32 	 0.294821 
2.33 	 0.291887 
2.34 	 0.288983 
2.35 	 0.286107 
2.36 	 0.283261 
2.37 	 0.280442 
2.38 	 0.277652 
2.39 	 0.274889 
2.4 	 0.272154 
2.41 	 0.269446 
2.42 	 0.266765 
2.43 	 0.26411 
2.44 	 0.261483 
2.45 	 0.258881 
2.46 	 0.256305 
2.47 	 0.253755 
2.48 	 0.25123 
2.49 	 0.24873 
2.5 	 0.246255 
2.51 	 0.243805 
2.52 	 0.241379 
2.53 	 0.238977 
2.54 	 0.236599 
2.55 	 0.234245 
2.56 	 0.231914 
2.57 	 0.229607 
2.58 	 0.227322 
2.59 	 0.22506 
2.6 	 0.222821 
2.61 	 0.220604 
2.62 	 0.218409 
2.63 	 0.216235 
2.64 	 0.214084 
2.65 	 0.211954 
2.66 	 0.209845 
2.67 	 0.207757 
2.68 	 0.205689 
2.69 	 0.203643 
2.7 	 0.201617 
2.71 	 0.19961 
2.72 	 0.197624 
2.73 	 0.195658 
2.74 	 0.193711 
2.75 	 0.191784 
2.76 	 0.189875 
2.77 	 0.187986 
2.78 	 0.186116 
2.79 	 0.184264 
2.8 	 0.18243 
2.81 	 0.180615 
2.82 	 0.178818 
2.83 	 0.177039 
2.84 	 0.175277 
2.85 	 0.173533 
2.86 	 0.171806 
2.87 	 0.170097 
2.88 	 0.168404 
2.89 	 0.166729 
2.9 	 0.16507 
2.91 	 0.163427 
2.92 	 0.161801 
2.93 	 0.160191 
2.94 	 0.158597 
2.95 	 0.157019 
2.96 	 0.155457 
2.97 	 0.15391 
2.98 	 0.152379 
2.99 	 0.150862 
3 	 0.149361 
3.01 	 0.147875 
3.02 	 0.146404 
3.03 	 0.144947 
3.04 	 0.143505 
3.05 	 0.142077 
3.06 	 0.140663 
3.07 	 0.139263 
3.08 	 0.137878 
3.09 	 0.136506 
3.1 	 0.135148 
3.11 	 0.133803 
3.12 	 0.132472 
3.13 	 0.131153 
3.14 	 0.129848 
3.15 	 0.128556 
3.16 	 0.127277 
3.17 	 0.126011 
3.18 	 0.124757 
3.19 	 0.123516 
3.2 	 0.122287 
3.21 	 0.12107 
3.22 	 0.119865 
3.23 	 0.118672 
3.24 	 0.117492 
3.25 	 0.116323 
3.26 	 0.115165 
3.27 	 0.114019 
3.28 	 0.112885 
3.29 	 0.111762 
3.3 	 0.11065 
3.31 	 0.109549 
3.32 	 0.108458 
3.33 	 0.107379 
3.34 	 0.106311 
3.35 	 0.105253 
3.36 	 0.104206 
3.37 	 0.103169 
3.38 	 0.102142 
3.39 	 0.101126 
3.4 	 0.10012 
3.41 	 0.0991236 
3.42 	 0.0981373 
3.43 	 0.0971608 
3.44 	 0.0961941 
3.45 	 0.0952369 
3.46 	 0.0942893 
3.47 	 0.0933511 
3.48 	 0.0924222 
3.49 	 0.0915026 
3.5 	 0.0905922 
3.51 	 0.0896907 
3.52 	 0.0887983 
3.53 	 0.0879147 
3.54 	 0.08704 
3.55 	 0.0861739 
3.56 	 0.0853165 
3.57 	 0.0844676 
3.58 	 0.0836271 
3.59 	 0.082795 
3.6 	 0.0819712 
3.61 	 0.0811555 
3.62 	 0.080348 
3.63 	 0.0795486 
3.64 	 0.078757 
3.65 	 0.0779734 
3.66 	 0.0771975 
3.67 	 0.0764294 
3.68 	 0.0756689 
3.69 	 0.074916 
3.7 	 0.0741706 
3.71 	 0.0734326 
3.72 	 0.0727019 
3.73 	 0.0719785 
3.74 	 0.0712623 
3.75 	 0.0705532 
3.76 	 0.0698512 
3.77 	 0.0691562 
3.78 	 0.0684681 
3.79 	 0.0677868 
3.8 	 0.0671123 
3.81 	 0.0664445 
3.82 	 0.0657834 
3.83 	 0.0651288 
3.84 	 0.0644808 
3.85 	 0.0638392 
3.86 	 0.063204 
3.87 	 0.0625751 
3.88 	 0.0619525 
3.89 	 0.061336 
3.9 	 0.0607257 
3.91 	 0.0601215 
3.92 	 0.0595233 
3.93 	 0.058931 
3.94 	 0.0583446 
3.95 	 0.0577641 
3.96 	 0.0571893 
3.97 	 0.0566203 
3.98 	 0.0560569 
3.99 	 0.0554991 
4 	 0.0549469 
4.01 	 0.0544002 
4.02 	 0.0538589 
4.03 	 0.053323 
4.04 	 0.0527924 
4.05 	 0.0522671 
4.06 	 0.0517471 
4.07 	 0.0512322 
4.08 	 0.0507224 
4.09 	 0.0502177 
4.1 	 0.049718 
4.11 	 0.0492233 
4.12 	 0.0487335 
4.13 	 0.0482486 
4.14 	 0.0477686 
4.15 	 0.0472932 
4.16 	 0.0468227 
4.17 	 0.0463568 
4.18 	 0.0458955 
4.19 	 0.0454389 
4.2 	 0.0449867 
4.21 	 0.0445391 
4.22 	 0.0440959 
4.23 	 0.0436572 
4.24 	 0.0432228 
4.25 	 0.0427927 
4.26 	 0.0423669 
4.27 	 0.0419453 
4.28 	 0.041528 
4.29 	 0.0411148 
4.3 	 0.0407057 
4.31 	 0.0403006 
4.32 	 0.0398997 
4.33 	 0.0395026 
4.34 	 0.0391096 
4.35 	 0.0387204 
4.36 	 0.0383352 
4.37 	 0.0379537 
4.38 	 0.0375761 
4.39 	 0.0372022 
4.4 	 0.036832 
4.41 	 0.0364655 
4.42 	 0.0361027 
4.43 	 0.0357435 
4.44 	 0.0353878 
4.45 	 0.0350357 
4.46 	 0.0346871 
4.47 	 0.0343419 
4.48 	 0.0340002 
4.49 	 0.0336619 
4.5 	 0.033327 
4.51 	 0.0329954 
4.52 	 0.0326671 
4.53 	 0.032342 
4.54 	 0.0320202 
4.55 	 0.0317016 
4.56 	 0.0313862 
4.57 	 0.0310739 
4.58 	 0.0307647 
4.59 	 0.0304586 
4.6 	 0.0301555 
4.61 	 0.0298555 
4.62 	 0.0295584 
4.63 	 0.0292643 
4.64 	 0.0289731 
4.65 	 0.0286848 
4.66 	 0.0283994 
4.67 	 0.0281168 
4.68 	 0.027837 
4.69 	 0.0275601 
4.7 	 0.0272858 
4.71 	 0.0270143 
4.72 	 0.0267455 
4.73 	 0.0264794 
4.74 	 0.0262159 
4.75 	 0.0259551 
4.76 	 0.0256968 
4.77 	 0.0254411 
4.78 	 0.025188 
4.79 	 0.0249374 
4.8 	 0.0246892 
4.81 	 0.0244436 
4.82 	 0.0242004 
4.83 	 0.0239596 
4.84 	 0.0237212 
4.85 	 0.0234851 
4.86 	 0.0232515 
4.87 	 0.0230201 
4.88 	 0.022791 
4.89 	 0.0225643 
4.9 	 0.0223397 
4.91 	 0.0221175 
4.92 	 0.0218974 
4.93 	 0.0216795 
4.94 	 0.0214638 
4.95 	 0.0212502 
4.96 	 0.0210388 
4.97 	 0.0208294 
4.98 	 0.0206222 
4.99 	 0.020417 
5 	 0.0202138 
5.01 	 0.0200127 
5.02 	 0.0198136 
5.03 	 0.0196164 
5.04 	 0.0194212 
5.05 	 0.019228 
5.06 	 0.0190367 
5.07 	 0.0188473 
5.08 	 0.0186597 
5.09 	 0.0184741 
5.1 	 0.0182902 
5.11 	 0.0181082 
5.12 	 0.0179281 
5.13 	 0.0177497 
5.14 	 0.0175731 
5.15 	 0.0173982 
5.16 	 0.0172251 
5.17 	 0.0170537 
5.18 	 0.016884 
5.19 	 0.016716 
5.2 	 0.0165497 
5.21 	 0.016385 
5.22 	 0.016222 
5.23 	 0.0160606 
5.24 	 0.0159008 
5.25 	 0.0157426 
5.26 	 0.0155859 
5.27 	 0.0154308 
5.28 	 0.0152773 
5.29 	 0.0151253 
5.3 	 0.0149748 
5.31 	 0.0148258 
5.32 	 0.0146783 
5.33 	 0.0145322 
5.34 	 0.0143876 
5.35 	 0.0142445 
5.36 	 0.0141027 
5.37 	 0.0139624 
5.38 	 0.0138235 
5.39 	 0.0136859 
5.4 	 0.0135497 
5.41 	 0.0134149 
5.42 	 0.0132814 
5.43 	 0.0131493 
5.44 	 0.0130184 
5.45 	 0.0128889 
5.46 	 0.0127607 
5.47 	 0.0126337 
5.48 	 0.012508 
5.49 	 0.0123835 
5.5 	 0.0122603 
5.51 	 0.0121383 
5.52 	 0.0120175 
5.53 	 0.011898 
5.54 	 0.0117796 
5.55 	 0.0116624 
5.56 	 0.0115463 
5.57 	 0.0114314 
5.58 	 0.0113177 
5.59 	 0.0112051 
5.6 	 0.0110936 
5.61 	 0.0109832 
5.62 	 0.0108739 
5.63 	 0.0107657 
5.64 	 0.0106586 
5.65 	 0.0105526 
5.66 	 0.0104476 
5.67 	 0.0103436 
5.68 	 0.0102407 
5.69 	 0.0101388 
5.7 	 0.0100379 
5.71 	 0.00993802 
5.72 	 0.00983913 
5.73 	 0.00974123 
5.74 	 0.0096443 
5.75 	 0.00954834 
5.76 	 0.00945333 
5.77 	 0.00935927 
5.78 	 0.00926615 
5.79 	 0.00917395 
5.8 	 0.00908266 
5.81 	 0.00899229 
5.82 	 0.00890282 
5.83 	 0.00881423 
5.84 	 0.00872653 
5.85 	 0.0086397 
5.86 	 0.00855373 
5.87 	 0.00846862 
5.88 	 0.00838436 
5.89 	 0.00830093 
5.9 	 0.00821833 
5.91 	 0.00813656 
5.92 	 0.0080556 
5.93 	 0.00797545 
5.94 	 0.00789609 
5.95 	 0.00781752 
5.96 	 0.00773974 
5.97 	 0.00766272 
5.98 	 0.00758648 
5.99 	 0.00751099 
6 	 0.00743626 
6.01 	 0.00736226 
6.02 	 0.00728901 
6.03 	 0.00721648 
6.04 	 0.00714468 
6.05 	 0.00707359 
6.06 	 0.0070032 
6.07 	 0.00693352 
6.08 	 0.00686453 
6.09 	 0.00679623 
6.1 	 0.0067286 
6.11 	 0.00666165 
6.12 	 0.00659537 
6.13 	 0.00652974 
6.14 	 0.00646477 
6.15 	 0.00640045 
6.16 	 0.00633676 
6.17 	 0.00627371 
6.18 	 0.00621128 
6.19 	 0.00614948 
6.2 	 0.00608829 
6.21 	 0.00602771 
6.22 	 0.00596774 
6.23 	 0.00590836 
6.24 	 0.00584957 
6.25 	 0.00579136 
6.26 	 0.00573374 
6.27 	 0.00567669 
6.28 	 0.0056202 
6.29 	 0.00556428 
6.3 	 0.00550891 
6.31 	 0.0054541 
6.32 	 0.00539983 
6.33 	 0.0053461 
6.34 	 0.00529291 
6.35 	 0.00524024 
6.36 	 0.0051881 
6.37 	 0.00513648 
6.38 	 0.00508537 
6.39 	 0.00503477 
6.4 	 0.00498467 
6.41 	 0.00493507 
6.42 	 0.00488597 
6.43 	 0.00483735 
6.44 	 0.00478922 
6.45 	 0.00474157 
6.46 	 0.00469439 
6.47 	 0.00464768 
6.48 	 0.00460143 
6.49 	 0.00455565 
6.5 	 0.00451032 
6.51 	 0.00446544 
6.52 	 0.00442101 
6.53 	 0.00437702 
6.54 	 0.00433347 
6.55 	 0.00429035 
6.56 	 0.00424766 
6.57 	 0.00420539 
6.58 	 0.00416355 
6.59 	 0.00412212 
6.6 	 0.0040811 
6.61 	 0.0040405 
6.62 	 0.00400029 
6.63 	 0.00396049 
6.64 	 0.00392108 
6.65 	 0.00388207 
6.66 	 0.00384344 
6.67 	 0.0038052 
6.68 	 0.00376733 
6.69 	 0.00372985 
6.7 	 0.00369274 
6.71 	 0.00365599 
6.72 	 0.00361961 
6.73 	 0.0035836 
6.74 	 0.00354794 
6.75 	 0.00351264 
6.76 	 0.00347769 
6.77 	 0.00344308 
6.78 	 0.00340882 
6.79 	 0.00337491 
6.8 	 0.00334133 
6.81 	 0.00330808 
6.82 	 0.00327516 
6.83 	 0.00324257 
6.84 	 0.00321031 
6.85 	 0.00317837 
6.86 	 0.00314674 
6.87 	 0.00311543 
6.88 	 0.00308443 
6.89 	 0.00305374 
6.9 	 0.00302336 
6.91 	 0.00299327 
6.92 	 0.00296349 
6.93 	 0.002934 
6.94 	 0.00290481 
6.95 	 0.00287591 
6.96 	 0.00284729 
6.97 	 0.00281896 
6.98 	 0.00279091 
6.99 	 0.00276314 
7 	 0.00273565 
7.01 	 0.00270843 
7.02 	 0.00268148 
7.03 	 0.0026548 
7.04 	 0.00262838 
7.05 	 0.00260223 
7.06 	 0.00257633 
7.07 	 0.0025507 
7.08 	 0.00252532 
7.09 	 0.00250019 
7.1 	 0.00247531 
7.11 	 0.00245068 
7.12 	 0.0024263 
7.13 	 0.00240216 
7.14 	 0.00237826 
7.15 	 0.00235459 
7.16 	 0.00233116 
7.17 	 0.00230797 
7.18 	 0.002285 
7.19 	 0.00226227 
7.2 	 0.00223976 
7.21 	 0.00221747 
7.22 	 0.00219541 
7.23 	 0.00217356 
7.24 	 0.00215194 
7.25 	 0.00213052 
7.26 	 0.00210932 
7.27 	 0.00208834 
7.28 	 0.00206756 
7.29 	 0.00204698 
7.3 	 0.00202662 
7.31 	 0.00200645 
7.32 	 0.00198649 
7.33 	 0.00196672 
7.34 	 0.00194715 
7.35 	 0.00192778 
7.36 	 0.0019086 
7.37 	 0.0018896 
7.38 	 0.0018708 
7.39 	 0.00185219 
7.4 	 0.00183376 
7.41 	 0.00181551 
7.42 	 0.00179745 
7.43 	 0.00177956 
7.44 	 0.00176186 
7.45 	 0.00174432 
7.46 	 0.00172697 
7.47 	 0.00170978 
7.48 	 0.00169277 
7.49 	 0.00167593 
7.5 	 0.00165925 
7.51 	 0.00164274 
7.52 	 0.0016264 
7.53 	 0.00161021 
7.54 	 0.00159419 
7.55 	 0.00157833 
7.56 	 0.00156263 
7.57 	 0.00154708 
7.58 	 0.00153168 
7.59 	 0.00151644 
7.6 	 0.00150135 
7.61 	 0.00148642 
7.62 	 0.00147163 
7.63 	 0.00145698 
7.64 	 0.00144249 
7.65 	 0.00142813 
7.66 	 0.00141392 
7.67 	 0.00139985 
7.68 	 0.00138592 
7.69 	 0.00137213 
7.7 	 0.00135848 
7.71 	 0.00134496 
7.72 	 0.00133158 
7.73 	 0.00131833 
7.74 	 0.00130521 
7.75 	 0.00129223 
7.76 	 0.00127937 
7.77 	 0.00126664 
7.78 	 0.00125404 
7.79 	 0.00124156 
7.8 	 0.0012292 
7.81 	 0.00121697 
7.82 	 0.00120487 
7.83 	 0.00119288 
7.84 	 0.00118101 
7.85 	 0.00116926 
7.86 	 0.00115762 
7.87 	 0.0011461 
7.88 	 0.0011347 
7.89 	 0.00112341 
7.9 	 0.00111223 
7.91 	 0.00110116 
7.92 	 0.00109021 
7.93 	 0.00107936 
7.94 	 0.00106862 
7.95 	 0.00105799 
7.96 	 0.00104746 
7.97 	 0.00103704 
7.98 	 0.00102672 
7.99 	 0.0010165 
8 	 0.00100639 
8.01 	 0.000996374 
8.02 	 0.00098646 
8.03 	 0.000976645 
8.04 	 0.000966927 
8.05 	 0.000957306 
8.06 	 0.00094778 
8.07 	 0.00093835 
8.08 	 0.000929013 
8.09 	 0.000919769 
8.1 	 0.000910617 
8.11 	 0.000901557 
8.12 	 0.000892586 
8.13 	 0.000883705 
8.14 	 0.000874912 
8.15 	 0.000866206 
8.16 	 0.000857587 
8.17 	 0.000849054 
8.18 	 0.000840606 
8.19 	 0.000832242 
8.2 	 0.000823961 
8.21 	 0.000815762 
8.22 	 0.000807645 
8.23 	 0.000799609 
8.24 	 0.000791653 
8.25 	 0.000783776 
8.26 	 0.000775977 
8.27 	 0.000768256 
8.28 	 0.000760612 
8.29 	 0.000753043 
8.3 	 0.00074555 
8.31 	 0.000738132 
8.32 	 0.000730788 
8.33 	 0.000723516 
8.34 	 0.000716317 
8.35 	 0.00070919 
8.36 	 0.000702133 
8.37 	 0.000695147 
8.38 	 0.00068823 
8.39 	 0.000681382 
8.4 	 0.000674602 
8.41 	 0.00066789 
8.42 	 0.000661244 
8.43 	 0.000654664 
8.44 	 0.00064815 
8.45 	 0.000641701 
8.46 	 0.000635316 
8.47 	 0.000628995 
8.48 	 0.000622736 
8.49 	 0.00061654 
8.5 	 0.000610405 
8.51 	 0.000604331 
8.52 	 0.000598318 
8.53 	 0.000592365 
8.54 	 0.000586471 
8.55 	 0.000580635 
8.56 	 0.000574858 
8.57 	 0.000569138 
8.58 	 0.000563475 
8.59 	 0.000557868 
8.6 	 0.000552317 
8.61 	 0.000546822 
8.62 	 0.000541381 
8.63 	 0.000535994 
8.64 	 0.000530661 
8.65 	 0.000525381 
8.66 	 0.000520153 
8.67 	 0.000514977 
8.68 	 0.000509853 
8.69 	 0.00050478 
8.7 	 0.000499757 
8.71 	 0.000494785 
8.72 	 0.000489862 
8.73 	 0.000484987 
8.74 	 0.000480162 
8.75 	 0.000475384 
8.76 	 0.000470654 
8.77 	 0.000465971 
8.78 	 0.000461334 
8.79 	 0.000456744 
8.8 	 0.000452199 
8.81 	 0.0004477 
8.82 	 0.000443245 
8.83 	 0.000438835 
8.84 	 0.000434468 
8.85 	 0.000430145 
8.86 	 0.000425865 
8.87 	 0.000421628 
8.88 	 0.000417432 
8.89 	 0.000413279 
8.9 	 0.000409167 
8.91 	 0.000405096 
8.92 	 0.000401065 
8.93 	 0.000397074 
8.94 	 0.000393123 
8.95 	 0.000389211 
8.96 	 0.000385339 
8.97 	 0.000381505 
8.98 	 0.000377709 
8.99 	 0.00037395 
9 	 0.000370229 
9.01 	 0.000366546 
9.02 	 0.000362898 
9.03 	 0.000359287 
9.04 	 0.000355713 
9.05 	 0.000352173 
9.06 	 0.000348669 
9.07 	 0.0003452 
9.08 	 0.000341765 
9.09 	 0.000338364 
9.1 	 0.000334997 
9.11 	 0.000331664 
9.12 	 0.000328364 
9.13 	 0.000325097 
9.14 	 0.000321862 
9.15 	 0.000318659 
9.16 	 0.000315489 
9.17 	 0.00031235 
9.18 	 0.000309242 
9.19 	 0.000306165 
9.2 	 0.000303118 
9.21 	 0.000300102 
9.22 	 0.000297116 
9.23 	 0.00029416 
9.24 	 0.000291233 
9.25 	 0.000288335 
9.26 	 0.000285466 
9.27 	 0.000282626 
9.28 	 0.000279813 
9.29 	 0.000277029 
9.3 	 0.000274273 
9.31 	 0.000271544 
9.32 	 0.000268842 
9.33 	 0.000266167 
9.34 	 0.000263518 
9.35 	 0.000260896 
9.36 	 0.0002583 
9.37 	 0.00025573 
9.38 	 0.000253186 
9.39 	 0.000250666 
9.4 	 0.000248172 
9.41 	 0.000245703 
9.42 	 0.000243258 
9.43 	 0.000240838 
9.44 	 0.000238441 
9.45 	 0.000236069 
9.46 	 0.00023372 
9.47 	 0.000231394 
9.48 	 0.000229092 
9.49 	 0.000226812 
9.5 	 0.000224555 
9.51 	 0.000222321 
9.52 	 0.000220109 
9.53 	 0.000217919 
9.54 	 0.000215751 
9.55 	 0.000213604 
9.56 	 0.000211478 
9.57 	 0.000209374 
9.58 	 0.000207291 
9.59 	 0.000205228 
9.6 	 0.000203186 
9.61 	 0.000201164 
9.62 	 0.000199163 
9.63 	 0.000197181 
9.64 	 0.000195219 
9.65 	 0.000193277 
9.66 	 0.000191354 
9.67 	 0.00018945 
9.68 	 0.000187565 
9.69 	 0.000185698 
9.7 	 0.00018385 
9.71 	 0.000182021 
9.72 	 0.00018021 
9.73 	 0.000178417 
9.74 	 0.000176642 
9.75 	 0.000174884 
9.76 	 0.000173144 
9.77 	 0.000171421 
9.78 	 0.000169715 
9.79 	 0.000168027 
9.8 	 0.000166355 
9.81 	 0.0001647 
9.82 	 0.000163061 
9.83 	 0.000161438 
9.84 	 0.000159832 
9.85 	 0.000158242 
9.86 	 0.000156667 
9.87 	 0.000155108 
9.88 	 0.000153565 
9.89 	 0.000152037 
9.9 	 0.000150524 
9.91 	 0.000149026 
9.92 	 0.000147543 
9.93 	 0.000146075 
9.94 	 0.000144622 
9.95 	 0.000143183 
9.96 	 0.000141758 
9.97 	 0.000140348 
9.98 	 0.000138951 
9.99 	 0.000137569 
10 	 0.0001362 
