0.1 5.60499 14.1526 2.525
0.2 3.96333 5.15233 1.3
0.3 3.23604 2.93941 0.908333
0.4 2.8025 2.03181 0.725
0.5 2.50663 1.56664 0.625
0.6 2.28823 1.29666 0.566667
0.7 2.11849 1.12734 0.532143
0.8 1.98166 1.0156 0.5125
0.9 1.86833 0.939355 0.502778
1 1.77245 0.886227 0.5
1.1 1.68997 0.848825 0.502273
1.2 1.61802 0.822494 0.508333
1.3 1.55454 0.804178 0.517308
1.4 1.498 0.791798 0.528571
1.5 1.4472 0.783901 0.541667
1.6 1.40125 0.779444 0.55625
1.7 1.35941 0.777663 0.572059
1.8 1.32111 0.777986 0.588889
1.9 1.28587 0.779984 0.606579
2 1.25331 0.783321 0.625
2.1 1.22311 0.787741 0.644048
2.2 1.19499 0.793038 0.663636
2.3 1.16872 0.79905 0.683696
2.4 1.14411 0.805647 0.704167
2.5 1.121 0.812724 0.725
2.6 1.09923 0.820194 0.746154
2.7 1.07868 0.827988 0.767593
2.8 1.05924 0.836046 0.789286
2.9 1.04082 0.844321 0.811207
3 1.02333 0.852772 0.833333
3.1 1.00669 0.861366 0.855645
3.2 0.990832 0.870074 0.878125
3.3 0.975704 0.878873 0.900758
3.4 0.961248 0.887741 0.923529
3.5 0.947416 0.896662 0.946429
3.6 0.934165 0.905621 0.969444
3.7 0.921455 0.914606 0.992568
3.8 0.90925 0.923606 1.01579
3.9 0.897517 0.932612 1.0391
4 0.886227 0.941616 1.0625
4.1 0.875353 0.950612 1.08598
4.2 0.864869 0.959593 1.10952
4.3 0.854753 0.968555 1.13314
4.4 0.844984 0.977493 1.15682
4.5 0.835543 0.986405 1.18056
4.6 0.826411 0.995286 1.20435
4.7 0.817572 1.00413 1.22819
4.8 0.809011 1.01295 1.25208
4.9 0.800713 1.02173 1.27602
5 0.792665 1.03047 1.3
5.1 0.784856 1.03916 1.32402
5.2 0.777272 1.04782 1.34808
5.3 0.769905 1.05644 1.37217
5.4 0.762743 1.06501 1.3963
5.5 0.755777 1.07355 1.42045
5.6 0.748998 1.08204 1.44464
5.7 0.742399 1.09048 1.46886
5.8 0.735971 1.09888 1.4931
5.9 0.729708 1.10724 1.51737
6 0.723601 1.11555 1.54167
6.1 0.717646 1.12382 1.56598
6.2 0.711835 1.13205 1.59032
6.3 0.706163 1.14023 1.61468
6.4 0.700624 1.14837 1.63906
6.5 0.695214 1.15646 1.66346
6.6 0.689927 1.16451 1.68788
6.7 0.684759 1.17252 1.71231
6.8 0.679705 1.18049 1.73676
6.9 0.674762 1.18841 1.76123
7 0.669925 1.19629 1.78571
7.1 0.66519 1.20413 1.81021
7.2 0.660555 1.21193 1.83472
7.3 0.656015 1.21969 1.85925
7.4 0.651567 1.22741 1.88378
7.5 0.647209 1.23509 1.90833
7.6 0.642937 1.24273 1.93289
7.7 0.638748 1.25033 1.95747
7.8 0.63464 1.25789 1.98205
7.9 0.630611 1.26541 2.00665
8 0.626657 1.2729 2.03125
8.1 0.622777 1.28034 2.05586
8.2 0.618968 1.28775 2.08049
8.3 0.615228 1.29513 2.10512
8.4 0.611555 1.30247 2.12976
8.5 0.607947 1.30977 2.15441
8.6 0.604402 1.31703 2.17907
8.7 0.600918 1.32426 2.20374
8.8 0.597494 1.33146 2.22841
8.9 0.594128 1.33862 2.25309
9 0.590818 1.34575 2.27778
9.1 0.587563 1.35285 2.30247
9.2 0.584361 1.35991 2.32717
9.3 0.581211 1.36694 2.35188
9.4 0.578111 1.37394 2.3766
9.5 0.57506 1.3809 2.40132
9.6 0.572057 1.38783 2.42604
9.7 0.569101 1.39474 2.45077
9.8 0.56619 1.40161 2.47551
9.9 0.563323 1.40845 2.50025
10 0.560499 1.41526 2.525
10.1 0.557717 1.42204 2.54975
10.2 0.554977 1.42879 2.57451
10.3 0.552276 1.43552 2.59927
10.4 0.549615 1.44221 2.62404
10.5 0.546991 1.44888 2.64881
10.6 0.544405 1.45551 2.67358
10.7 0.541855 1.46212 2.69836
10.8 0.539341 1.4687 2.72315
10.9 0.536861 1.47526 2.74794
11 0.534415 1.48179 2.77273
11.1 0.532002 1.48829 2.79752
11.2 0.529622 1.49476 2.82232
11.3 0.527273 1.50121 2.84712
11.4 0.524956 1.50764 2.87193
11.5 0.522668 1.51403 2.89674
11.6 0.52041 1.52041 2.92155
11.7 0.518182 1.52675 2.94637
11.8 0.515981 1.53308 2.97119
11.9 0.513809 1.53938 2.99601
12 0.511663 1.54565 3.02083
12.1 0.509545 1.5519 3.04566
12.2 0.507452 1.55813 3.07049
12.3 0.505385 1.56433 3.09533
12.4 0.503343 1.57051 3.12016
12.5 0.501326 1.57667 3.145
12.6 0.499332 1.5828 3.16984
12.7 0.497363 1.58892 3.19469
12.8 0.495416 1.59501 3.21953
12.9 0.493492 1.60108 3.24438
13 0.49159 1.60712 3.26923
13.1 0.48971 1.61315 3.29408
13.2 0.487852 1.61915 3.31894
13.3 0.486014 1.62513 3.3438
13.4 0.484197 1.6311 3.36866
13.5 0.482401 1.63704 3.39352
13.6 0.480624 1.64296 3.41838
13.7 0.478867 1.64886 3.44325
13.8 0.477129 1.65474 3.46812
13.9 0.475409 1.6606 3.49299
14 0.473708 1.66644 3.51786
14.1 0.472025 1.67226 3.54273
14.2 0.47036 1.67806 3.56761
14.3 0.468713 1.68384 3.59248
14.4 0.467083 1.68961 3.61736
14.5 0.465469 1.69535 3.64224
14.6 0.463872 1.70108 3.66712
14.7 0.462292 1.70678 3.69201
14.8 0.460727 1.71247 3.71689
14.9 0.459179 1.71815 3.74178
15 0.457646 1.7238 3.76667
15.1 0.456128 1.72943 3.79156
15.2 0.454625 1.73505 3.81645
15.3 0.453137 1.74065 3.84134
15.4 0.451663 1.74623 3.86623
15.5 0.450204 1.7518 3.89113
15.6 0.448758 1.75735 3.91603
15.7 0.447327 1.76288 3.94092
15.8 0.445909 1.7684 3.96582
15.9 0.444505 1.7739 3.99072
16 0.443113 1.77938 4.01562
16.1 0.441735 1.78484 4.04053
16.2 0.44037 1.79029 4.06543
16.3 0.439017 1.79573 4.09034
16.4 0.437676 1.80114 4.11524
16.5 0.436348 1.80655 4.14015
16.6 0.435032 1.81193 4.16506
16.7 0.433727 1.8173 4.18997
16.8 0.432434 1.82266 4.21488
16.9 0.431153 1.828 4.23979
17 0.429883 1.83333 4.26471
17.1 0.428624 1.83864 4.28962
17.2 0.427377 1.84393 4.31453
17.3 0.42614 1.84921 4.33945
17.4 0.424913 1.85448 4.36437
17.5 0.423698 1.85973 4.38929
17.6 0.422492 1.86497 4.4142
17.7 0.421297 1.87019 4.43912
17.8 0.420112 1.8754 4.46404
17.9 0.418937 1.88059 4.48897
18 0.417771 1.88577 4.51389
18.1 0.416616 1.89094 4.53881
18.2 0.41547 1.89609 4.56374
18.3 0.414333 1.90123 4.58866
18.4 0.413205 1.90636 4.61359
18.5 0.412087 1.91147 4.63851
18.6 0.410978 1.91657 4.66344
18.7 0.409878 1.92166 4.68837
18.8 0.408786 1.92673 4.7133
18.9 0.407703 1.93179 4.73823
19 0.406629 1.93684 4.76316
19.1 0.405563 1.94187 4.78809
19.2 0.404505 1.94689 4.81302
19.3 0.403456 1.9519 4.83795
19.4 0.402415 1.9569 4.86289
19.5 0.401382 1.96188 4.88782
19.6 0.400357 1.96685 4.91276
19.7 0.399339 1.97181 4.93769
19.8 0.398329 1.97676 4.96263
19.9 0.397327 1.98169 4.98756
