0 	 1 	 0 
0.01 	 1.00699 	 0.0100349 
0.02 	 1.01397 	 0.0201398 
0.03 	 1.02096 	 0.0303144 
0.04 	 1.02794 	 0.0405589 
0.05 	 1.03492 	 0.0508733 
0.06 	 1.04189 	 0.0612573 
0.07 	 1.04886 	 0.0717111 
0.08 	 1.05582 	 0.0822346 
0.09 	 1.06278 	 0.0928276 
0.1 	 1.06972 	 0.10349 
0.11 	 1.07666 	 0.114222 
0.12 	 1.08358 	 0.125023 
0.13 	 1.0905 	 0.135894 
0.14 	 1.0974 	 0.146833 
0.15 	 1.10429 	 0.157842 
0.16 	 1.11116 	 0.168919 
0.17 	 1.11802 	 0.180065 
0.18 	 1.12486 	 0.191279 
0.19 	 1.13169 	 0.202562 
0.2 	 1.1385 	 0.213913 
0.21 	 1.14529 	 0.225332 
0.22 	 1.15206 	 0.236819 
0.23 	 1.1588 	 0.248373 
0.24 	 1.16553 	 0.259995 
0.25 	 1.17223 	 0.271683 
0.26 	 1.17892 	 0.283439 
0.27 	 1.18557 	 0.295262 
0.28 	 1.1922 	 0.307151 
0.29 	 1.1988 	 0.319106 
0.3 	 1.20538 	 0.331127 
0.31 	 1.21193 	 0.343213 
0.32 	 1.21845 	 0.355365 
0.33 	 1.22493 	 0.367582 
0.34 	 1.23139 	 0.379864 
0.35 	 1.23782 	 0.39221 
0.36 	 1.24421 	 0.40462 
0.37 	 1.25056 	 0.417094 
0.38 	 1.25689 	 0.429631 
0.39 	 1.26317 	 0.442231 
0.4 	 1.26942 	 0.454894 
0.41 	 1.27563 	 0.46762 
0.42 	 1.28181 	 0.480407 
0.43 	 1.28794 	 0.493256 
0.44 	 1.29403 	 0.506165 
0.45 	 1.30008 	 0.519136 
0.46 	 1.30609 	 0.532167 
0.47 	 1.31205 	 0.545258 
0.48 	 1.31797 	 0.558408 
0.49 	 1.32385 	 0.571617 
0.5 	 1.32968 	 0.584885 
0.51 	 1.33546 	 0.59821 
0.52 	 1.34119 	 0.611594 
0.53 	 1.34687 	 0.625034 
0.54 	 1.35251 	 0.638531 
0.55 	 1.35809 	 0.652084 
0.56 	 1.36362 	 0.665693 
0.57 	 1.36909 	 0.679356 
0.58 	 1.37452 	 0.693074 
0.59 	 1.37989 	 0.706846 
0.6 	 1.3852 	 0.720672 
0.61 	 1.39045 	 0.73455 
0.62 	 1.39565 	 0.748481 
0.63 	 1.40079 	 0.762463 
0.64 	 1.40587 	 0.776496 
0.65 	 1.41089 	 0.79058 
0.66 	 1.41584 	 0.804714 
0.67 	 1.42074 	 0.818897 
0.68 	 1.42557 	 0.833128 
0.69 	 1.43034 	 0.847408 
0.7 	 1.43504 	 0.861735 
0.71 	 1.43967 	 0.876109 
0.72 	 1.44424 	 0.890528 
0.73 	 1.44874 	 0.904993 
0.74 	 1.45317 	 0.919503 
0.75 	 1.45753 	 0.934056 
0.76 	 1.46182 	 0.948653 
0.77 	 1.46604 	 0.963293 
0.78 	 1.47018 	 0.977974 
0.79 	 1.47426 	 0.992696 
0.8 	 1.47825 	 1.00746 
0.81 	 1.48217 	 1.02226 
0.82 	 1.48602 	 1.0371 
0.83 	 1.48978 	 1.05198 
0.84 	 1.49347 	 1.0669 
0.85 	 1.49708 	 1.08185 
0.86 	 1.5006 	 1.09684 
0.87 	 1.50405 	 1.11186 
0.88 	 1.50741 	 1.12692 
0.89 	 1.51069 	 1.14201 
0.9 	 1.51389 	 1.15713 
0.91 	 1.517 	 1.17229 
0.92 	 1.52003 	 1.18747 
0.93 	 1.52296 	 1.20269 
0.94 	 1.52581 	 1.21793 
0.95 	 1.52857 	 1.2332 
0.96 	 1.53124 	 1.2485 
0.97 	 1.53382 	 1.26383 
0.98 	 1.53631 	 1.27918 
0.99 	 1.53871 	 1.29455 
1 	 1.54101 	 1.30995 
1.01 	 1.54321 	 1.32537 
1.02 	 1.54533 	 1.34082 
1.03 	 1.54734 	 1.35628 
1.04 	 1.54926 	 1.37176 
1.05 	 1.55108 	 1.38726 
1.06 	 1.5528 	 1.40278 
1.07 	 1.55441 	 1.41832 
1.08 	 1.55593 	 1.43387 
1.09 	 1.55735 	 1.44944 
1.1 	 1.55866 	 1.46502 
1.11 	 1.55987 	 1.48061 
1.12 	 1.56097 	 1.49622 
1.13 	 1.56197 	 1.51183 
1.14 	 1.56286 	 1.52745 
1.15 	 1.56364 	 1.54309 
1.16 	 1.56431 	 1.55873 
1.17 	 1.56487 	 1.57437 
1.18 	 1.56533 	 1.59002 
1.19 	 1.56567 	 1.60568 
1.2 	 1.56589 	 1.62134 
1.21 	 1.56601 	 1.637 
1.22 	 1.56601 	 1.65266 
1.23 	 1.56589 	 1.66832 
1.24 	 1.56566 	 1.68397 
1.25 	 1.56531 	 1.69963 
1.26 	 1.56484 	 1.71528 
1.27 	 1.56426 	 1.73093 
1.28 	 1.56355 	 1.74656 
1.29 	 1.56272 	 1.7622 
1.3 	 1.56177 	 1.77782 
1.31 	 1.5607 	 1.79343 
1.32 	 1.5595 	 1.80903 
1.33 	 1.55818 	 1.82462 
1.34 	 1.55673 	 1.8402 
1.35 	 1.55515 	 1.85575 
1.36 	 1.55345 	 1.8713 
1.37 	 1.55162 	 1.88682 
1.38 	 1.54965 	 1.90233 
1.39 	 1.54756 	 1.91782 
1.4 	 1.54534 	 1.93328 
1.41 	 1.54298 	 1.94872 
1.42 	 1.54049 	 1.96414 
1.43 	 1.53787 	 1.97953 
1.44 	 1.53511 	 1.9949 
1.45 	 1.53223 	 2.01023 
1.46 	 1.52923 	 2.02554 
1.47 	 1.52611 	 2.04082 
1.48 	 1.52287 	 2.05606 
1.49 	 1.51953 	 2.07127 
1.5 	 1.51608 	 2.08645 
1.51 	 1.51254 	 2.1016 
1.52 	 1.50889 	 2.1167 
1.53 	 1.50515 	 2.13177 
1.54 	 1.50133 	 2.14681 
1.55 	 1.49742 	 2.1618 
1.56 	 1.49344 	 2.17675 
1.57 	 1.48938 	 2.19167 
1.58 	 1.48525 	 2.20654 
1.59 	 1.48105 	 2.22137 
1.6 	 1.47679 	 2.23616 
1.61 	 1.47247 	 2.25091 
1.62 	 1.4681 	 2.26561 
1.63 	 1.46368 	 2.28027 
1.64 	 1.45922 	 2.29489 
1.65 	 1.45471 	 2.30945 
1.66 	 1.45017 	 2.32398 
1.67 	 1.4456 	 2.33846 
1.68 	 1.441 	 2.35289 
1.69 	 1.43638 	 2.36728 
1.7 	 1.43173 	 2.38162 
1.71 	 1.42708 	 2.39591 
1.72 	 1.42241 	 2.41016 
1.73 	 1.41774 	 2.42436 
1.74 	 1.41306 	 2.43851 
1.75 	 1.40839 	 2.45262 
1.76 	 1.40372 	 2.46668 
1.77 	 1.39907 	 2.4807 
1.78 	 1.39443 	 2.49466 
1.79 	 1.38981 	 2.50859 
1.8 	 1.38521 	 2.52246 
1.81 	 1.38064 	 2.53629 
1.82 	 1.37611 	 2.55007 
1.83 	 1.37161 	 2.56381 
1.84 	 1.36715 	 2.57751 
1.85 	 1.36274 	 2.59116 
1.86 	 1.35838 	 2.60476 
1.87 	 1.35407 	 2.61832 
1.88 	 1.34982 	 2.63184 
1.89 	 1.34563 	 2.64532 
1.9 	 1.34151 	 2.65876 
1.91 	 1.33746 	 2.67215 
1.92 	 1.33349 	 2.6855 
1.93 	 1.3296 	 2.69882 
1.94 	 1.32579 	 2.7121 
1.95 	 1.32206 	 2.72534 
1.96 	 1.31843 	 2.73854 
1.97 	 1.3149 	 2.75171 
1.98 	 1.31147 	 2.76484 
1.99 	 1.30814 	 2.77793 
2 	 1.30493 	 2.791 
2.01 	 1.30183 	 2.80403 
2.02 	 1.29884 	 2.81704 
2.03 	 1.29598 	 2.83001 
2.04 	 1.29325 	 2.84296 
2.05 	 1.29064 	 2.85588 
2.06 	 1.28818 	 2.86877 
2.07 	 1.28585 	 2.88164 
2.08 	 1.28367 	 2.89449 
2.09 	 1.28163 	 2.90731 
2.1 	 1.27975 	 2.92012 
2.11 	 1.27802 	 2.93291 
2.12 	 1.27646 	 2.94568 
2.13 	 1.27506 	 2.95844 
2.14 	 1.27383 	 2.97118 
2.15 	 1.27278 	 2.98392 
2.16 	 1.2719 	 2.99664 
2.17 	 1.27121 	 3.00936 
2.18 	 1.2707 	 3.02206 
2.19 	 1.27039 	 3.03477 
2.2 	 1.27027 	 3.04747 
2.21 	 1.27035 	 3.06018 
2.22 	 1.27063 	 3.07288 
2.23 	 1.27112 	 3.08559 
2.24 	 1.27183 	 3.0983 
2.25 	 1.27275 	 3.11103 
2.26 	 1.2739 	 3.12376 
2.27 	 1.27526 	 3.13651 
2.28 	 1.27686 	 3.14927 
2.29 	 1.2787 	 3.16204 
2.3 	 1.28077 	 3.17484 
2.31 	 1.28308 	 3.18766 
2.32 	 1.28565 	 3.2005 
2.33 	 1.28846 	 3.21337 
2.34 	 1.29153 	 3.22627 
2.35 	 1.29486 	 3.2392 
2.36 	 1.29845 	 3.25217 
2.37 	 1.30231 	 3.26517 
2.38 	 1.30645 	 3.27822 
2.39 	 1.31086 	 3.2913 
2.4 	 1.31555 	 3.30444 
2.41 	 1.32053 	 3.31762 
2.42 	 1.3258 	 3.33085 
2.43 	 1.33136 	 3.34413 
2.44 	 1.33722 	 3.35748 
2.45 	 1.34339 	 3.37088 
2.46 	 1.34986 	 3.38435 
2.47 	 1.35664 	 3.39788 
2.48 	 1.36371 	 3.41148 
2.49 	 1.37108 	 3.42515 
2.5 	 1.37874 	 3.4389 
2.51 	 1.38668 	 3.45273 
2.52 	 1.39489 	 3.46664 
2.53 	 1.40337 	 3.48063 
2.54 	 1.41212 	 3.4947 
2.55 	 1.42112 	 3.50887 
2.56 	 1.43037 	 3.52313 
2.57 	 1.43986 	 3.53748 
2.58 	 1.44959 	 3.55193 
2.59 	 1.45956 	 3.56647 
2.6 	 1.46974 	 3.58112 
2.61 	 1.48015 	 3.59587 
2.62 	 1.49077 	 3.61072 
2.63 	 1.50159 	 3.62568 
2.64 	 1.51262 	 3.64075 
2.65 	 1.52384 	 3.65594 
2.66 	 1.53525 	 3.67123 
2.67 	 1.54684 	 3.68664 
2.68 	 1.5586 	 3.70217 
2.69 	 1.57054 	 3.71781 
2.7 	 1.58264 	 3.73358 
2.71 	 1.59489 	 3.74947 
2.72 	 1.60729 	 3.76548 
2.73 	 1.61984 	 3.78161 
2.74 	 1.63253 	 3.79788 
2.75 	 1.64535 	 3.81426 
2.76 	 1.6583 	 3.83078 
2.77 	 1.67136 	 3.84743 
2.78 	 1.68454 	 3.86421 
2.79 	 1.69782 	 3.88112 
2.8 	 1.71121 	 3.89817 
2.81 	 1.72469 	 3.91535 
2.82 	 1.73826 	 3.93266 
2.83 	 1.75191 	 3.95011 
2.84 	 1.76564 	 3.9677 
2.85 	 1.77944 	 3.98543 
2.86 	 1.7933 	 4.00329 
2.87 	 1.80722 	 4.02129 
2.88 	 1.82119 	 4.03943 
2.89 	 1.8352 	 4.05772 
2.9 	 1.84926 	 4.07614 
2.91 	 1.86334 	 4.0947 
2.92 	 1.87746 	 4.1134 
2.93 	 1.89159 	 4.13225 
2.94 	 1.90574 	 4.15124 
2.95 	 1.91989 	 4.17036 
2.96 	 1.93405 	 4.18963 
2.97 	 1.9482 	 4.20905 
2.98 	 1.96234 	 4.2286 
2.99 	 1.97647 	 4.24829 
3 	 1.99057 	 4.26813 
3.01 	 2.00464 	 4.2881 
3.02 	 2.01867 	 4.30822 
3.03 	 2.03267 	 4.32848 
3.04 	 2.04661 	 4.34887 
3.05 	 2.06051 	 4.36941 
3.06 	 2.07434 	 4.39008 
3.07 	 2.0881 	 4.4109 
3.08 	 2.1018 	 4.43184 
3.09 	 2.11543 	 4.45293 
3.1 	 2.12901 	 4.47415 
3.11 	 2.14254 	 4.49551 
3.12 	 2.15605 	 4.517 
3.13 	 2.16954 	 4.53863 
3.14 	 2.18303 	 4.56039 
3.15 	 2.19651 	 4.58229 
3.16 	 2.21002 	 4.60432 
3.17 	 2.22354 	 4.62649 
3.18 	 2.23711 	 4.6488 
3.19 	 2.25072 	 4.67124 
3.2 	 2.26439 	 4.69381 
3.21 	 2.27813 	 4.71652 
3.22 	 2.29195 	 4.73937 
3.23 	 2.30586 	 4.76236 
3.24 	 2.31988 	 4.78549 
3.25 	 2.33401 	 4.80876 
3.26 	 2.34826 	 4.83217 
3.27 	 2.36265 	 4.85573 
3.28 	 2.37719 	 4.87943 
3.29 	 2.39189 	 4.90327 
3.3 	 2.40676 	 4.92726 
3.31 	 2.4218 	 4.95141 
3.32 	 2.43704 	 4.9757 
3.33 	 2.45248 	 5.00015 
3.34 	 2.46814 	 5.02475 
3.35 	 2.48402 	 5.04951 
3.36 	 2.50013 	 5.07443 
3.37 	 2.5165 	 5.09951 
3.38 	 2.53312 	 5.12476 
3.39 	 2.55 	 5.15018 
3.4 	 2.56717 	 5.17576 
3.41 	 2.58463 	 5.20152 
3.42 	 2.6024 	 5.22746 
3.43 	 2.62047 	 5.25357 
3.44 	 2.63887 	 5.27987 
3.45 	 2.65761 	 5.30635 
3.46 	 2.67669 	 5.33302 
3.47 	 2.69612 	 5.35988 
3.48 	 2.71593 	 5.38694 
3.49 	 2.73612 	 5.4142 
3.5 	 2.7567 	 5.44167 
3.51 	 2.77767 	 5.46934 
3.52 	 2.79907 	 5.49722 
3.53 	 2.82088 	 5.52532 
3.54 	 2.84313 	 5.55364 
3.55 	 2.86583 	 5.58219 
3.56 	 2.88898 	 5.61096 
3.57 	 2.9126 	 5.63997 
3.58 	 2.9367 	 5.66921 
3.59 	 2.96129 	 5.6987 
3.6 	 2.98638 	 5.72844 
3.61 	 3.01198 	 5.75843 
3.62 	 3.03811 	 5.78868 
3.63 	 3.06477 	 5.8192 
3.64 	 3.09195 	 5.84998 
3.65 	 3.11965 	 5.88104 
3.66 	 3.14784 	 5.91237 
3.67 	 3.17652 	 5.944 
3.68 	 3.20567 	 5.97591 
3.69 	 3.23528 	 6.00811 
3.7 	 3.26534 	 6.04061 
3.71 	 3.29583 	 6.07342 
3.72 	 3.32674 	 6.10653 
3.73 	 3.35805 	 6.13996 
3.74 	 3.38976 	 6.17369 
3.75 	 3.42185 	 6.20775 
3.76 	 3.4543 	 6.24213 
3.77 	 3.48711 	 6.27684 
3.78 	 3.52026 	 6.31188 
3.79 	 3.55373 	 6.34725 
3.8 	 3.58752 	 6.38295 
3.81 	 3.62161 	 6.419 
3.82 	 3.65599 	 6.45538 
3.83 	 3.69064 	 6.49212 
3.84 	 3.72556 	 6.5292 
3.85 	 3.76072 	 6.56663 
3.86 	 3.79611 	 6.60441 
3.87 	 3.83173 	 6.64255 
3.88 	 3.86756 	 6.68105 
3.89 	 3.90358 	 6.7199 
3.9 	 3.93978 	 6.75912 
3.91 	 3.97615 	 6.7987 
3.92 	 4.01268 	 6.83864 
3.93 	 4.04935 	 6.87895 
3.94 	 4.08615 	 6.91963 
3.95 	 4.12306 	 6.96068 
3.96 	 4.16008 	 7.00209 
3.97 	 4.19719 	 7.04388 
3.98 	 4.23437 	 7.08604 
3.99 	 4.27162 	 7.12857 
4 	 4.30892 	 7.17147 
4.01 	 4.34625 	 7.21475 
4.02 	 4.38361 	 7.2584 
4.03 	 4.42097 	 7.30242 
4.04 	 4.45834 	 7.34681 
4.05 	 4.49569 	 7.39158 
4.06 	 4.53301 	 7.43673 
4.07 	 4.57029 	 7.48224 
4.08 	 4.60751 	 7.52813 
4.09 	 4.64466 	 7.57439 
4.1 	 4.68173 	 7.62103 
4.11 	 4.71871 	 7.66803 
4.12 	 4.75558 	 7.7154 
4.13 	 4.79233 	 7.76314 
4.14 	 4.82894 	 7.81125 
4.15 	 4.8654 	 7.85972 
4.16 	 4.90171 	 7.90855 
4.17 	 4.93784 	 7.95775 
4.18 	 4.97378 	 8.00731 
4.19 	 5.00952 	 8.05723 
4.2 	 5.04504 	 8.1075 
4.21 	 5.08034 	 8.15813 
4.22 	 5.1154 	 8.20911 
4.23 	 5.15021 	 8.26043 
4.24 	 5.18475 	 8.31211 
4.25 	 5.21901 	 8.36413 
4.26 	 5.25298 	 8.41649 
4.27 	 5.28664 	 8.46919 
4.28 	 5.31998 	 8.52222 
4.29 	 5.35299 	 8.57559 
4.3 	 5.38565 	 8.62928 
4.31 	 5.41795 	 8.6833 
4.32 	 5.44989 	 8.73764 
4.33 	 5.48143 	 8.79229 
4.34 	 5.51258 	 8.84726 
4.35 	 5.54332 	 8.90254 
4.36 	 5.57363 	 8.95813 
4.37 	 5.6035 	 9.01401 
4.38 	 5.63292 	 9.0702 
4.39 	 5.66188 	 9.12667 
4.4 	 5.69036 	 9.18343 
4.41 	 5.71835 	 9.24048 
4.42 	 5.74583 	 9.2978 
4.43 	 5.7728 	 9.35539 
4.44 	 5.79923 	 9.41325 
4.45 	 5.82513 	 9.47138 
4.46 	 5.85046 	 9.52975 
4.47 	 5.87523 	 9.58838 
4.48 	 5.89941 	 9.64726 
4.49 	 5.923 	 9.70637 
4.5 	 5.94597 	 9.76571 
4.51 	 5.96833 	 9.82529 
4.52 	 5.99005 	 9.88508 
4.53 	 6.01112 	 9.94508 
4.54 	 6.03154 	 10.0053 
4.55 	 6.05134 	 10.0657 
4.56 	 6.0705 	 10.1263 
4.57 	 6.08904 	 10.1871 
4.58 	 6.10697 	 10.2481 
4.59 	 6.12429 	 10.3093 
4.6 	 6.141 	 10.3706 
4.61 	 6.15713 	 10.4321 
4.62 	 6.17267 	 10.4937 
4.63 	 6.18763 	 10.5555 
4.64 	 6.20201 	 10.6175 
4.65 	 6.21584 	 10.6796 
4.66 	 6.2291 	 10.7418 
4.67 	 6.24181 	 10.8041 
4.68 	 6.25398 	 10.8666 
4.69 	 6.26562 	 10.9292 
4.7 	 6.27672 	 10.9919 
4.71 	 6.2873 	 11.0548 
4.72 	 6.29737 	 11.1177 
4.73 	 6.30693 	 11.1807 
4.74 	 6.31599 	 11.2438 
4.75 	 6.32455 	 11.307 
4.76 	 6.33263 	 11.3703 
4.77 	 6.34023 	 11.4337 
4.78 	 6.34735 	 11.4971 
4.79 	 6.35401 	 11.5606 
4.8 	 6.36021 	 11.6242 
4.81 	 6.36597 	 11.6878 
4.82 	 6.37127 	 11.7515 
4.83 	 6.37614 	 11.8152 
4.84 	 6.38058 	 11.879 
4.85 	 6.3846 	 11.9429 
4.86 	 6.3882 	 12.0067 
4.87 	 6.3914 	 12.0706 
4.88 	 6.39419 	 12.1345 
4.89 	 6.39659 	 12.1985 
4.9 	 6.3986 	 12.2625 
4.91 	 6.40023 	 12.3265 
4.92 	 6.40149 	 12.3905 
4.93 	 6.40238 	 12.4545 
4.94 	 6.40292 	 12.5185 
4.95 	 6.4031 	 12.5826 
4.96 	 6.40294 	 12.6466 
4.97 	 6.40244 	 12.7106 
4.98 	 6.40161 	 12.7746 
4.99 	 6.40046 	 12.8386 
5 	 6.39899 	 12.9026 
5.01 	 6.39722 	 12.9666 
5.02 	 6.39514 	 13.0306 
5.03 	 6.39277 	 13.0945 
5.04 	 6.39011 	 13.1584 
5.05 	 6.38717 	 13.2223 
5.06 	 6.38395 	 13.2862 
5.07 	 6.38048 	 13.35 
5.08 	 6.37674 	 13.4138 
5.09 	 6.37275 	 13.4775 
5.1 	 6.36851 	 13.5412 
5.11 	 6.36404 	 13.6049 
5.12 	 6.35934 	 13.6685 
5.13 	 6.35441 	 13.7321 
5.14 	 6.34927 	 13.7956 
5.15 	 6.34392 	 13.8591 
5.16 	 6.33837 	 13.9225 
5.17 	 6.33262 	 13.9858 
5.18 	 6.32668 	 14.0491 
5.19 	 6.32056 	 14.1124 
5.2 	 6.31427 	 14.1756 
5.21 	 6.30782 	 14.2387 
5.22 	 6.3012 	 14.3017 
5.23 	 6.29443 	 14.3647 
5.24 	 6.28752 	 14.4276 
5.25 	 6.28047 	 14.4904 
5.26 	 6.27329 	 14.5532 
5.27 	 6.26598 	 14.6159 
5.28 	 6.25856 	 14.6785 
5.29 	 6.25103 	 14.7411 
5.3 	 6.24339 	 14.8035 
5.31 	 6.23566 	 14.8659 
5.32 	 6.22785 	 14.9283 
5.33 	 6.21995 	 14.9905 
5.34 	 6.21198 	 15.0527 
5.35 	 6.20394 	 15.1147 
5.36 	 6.19584 	 15.1767 
5.37 	 6.18769 	 15.2387 
5.38 	 6.17949 	 15.3005 
5.39 	 6.17125 	 15.3622 
5.4 	 6.16299 	 15.4239 
5.41 	 6.1547 	 15.4855 
5.42 	 6.14639 	 15.547 
5.43 	 6.13807 	 15.6084 
5.44 	 6.12975 	 15.6698 
5.45 	 6.12144 	 15.731 
5.46 	 6.11313 	 15.7922 
5.47 	 6.10485 	 15.8533 
5.48 	 6.09659 	 15.9143 
5.49 	 6.08836 	 15.9752 
5.5 	 6.08017 	 16.0361 
5.51 	 6.07203 	 16.0968 
5.52 	 6.06395 	 16.1575 
5.53 	 6.05592 	 16.2181 
5.54 	 6.04797 	 16.2786 
5.55 	 6.04009 	 16.3391 
5.56 	 6.03229 	 16.3994 
5.57 	 6.02458 	 16.4597 
5.58 	 6.01697 	 16.5199 
5.59 	 6.00946 	 16.58 
5.6 	 6.00207 	 16.6401 
5.61 	 5.99479 	 16.7001 
5.62 	 5.98764 	 16.76 
5.63 	 5.98062 	 16.8198 
5.64 	 5.97374 	 16.8796 
5.65 	 5.967 	 16.9393 
5.66 	 5.96042 	 16.999 
5.67 	 5.95401 	 17.0585 
5.68 	 5.94776 	 17.118 
5.69 	 5.94168 	 17.1775 
5.7 	 5.93579 	 17.2369 
5.71 	 5.93008 	 17.2962 
5.72 	 5.92458 	 17.3555 
5.73 	 5.91927 	 17.4147 
5.74 	 5.91418 	 17.4739 
5.75 	 5.9093 	 17.533 
5.76 	 5.90465 	 17.592 
5.77 	 5.90024 	 17.6511 
5.78 	 5.89606 	 17.7101 
5.79 	 5.89212 	 17.769 
5.8 	 5.88845 	 17.8279 
5.81 	 5.88503 	 17.8868 
5.82 	 5.88188 	 17.9456 
5.83 	 5.879 	 18.0044 
5.84 	 5.87641 	 18.0632 
5.85 	 5.8741 	 18.1219 
5.86 	 5.87209 	 18.1807 
5.87 	 5.87039 	 18.2394 
5.88 	 5.86898 	 18.2981 
5.89 	 5.86787 	 18.3568 
5.9 	 5.86706 	 18.4154 
5.91 	 5.86654 	 18.4741 
5.92 	 5.8663 	 18.5328 
5.93 	 5.86635 	 18.5914 
5.94 	 5.86669 	 18.6501 
5.95 	 5.8673 	 18.7088 
5.96 	 5.86819 	 18.7674 
5.97 	 5.86936 	 18.8261 
5.98 	 5.87079 	 18.8848 
5.99 	 5.8725 	 18.9435 
6 	 5.87447 	 19.0023 
6.01 	 5.8767 	 19.061 
6.02 	 5.87919 	 19.1198 
6.03 	 5.88193 	 19.1786 
6.04 	 5.88493 	 19.2374 
6.05 	 5.88818 	 19.2963 
6.06 	 5.89167 	 19.3552 
6.07 	 5.89541 	 19.4141 
6.08 	 5.89939 	 19.4731 
6.09 	 5.90361 	 19.5321 
6.1 	 5.90806 	 19.5912 
6.11 	 5.91275 	 19.6503 
6.12 	 5.91766 	 19.7094 
6.13 	 5.9228 	 19.7687 
6.14 	 5.92817 	 19.8279 
6.15 	 5.93375 	 19.8872 
6.16 	 5.93955 	 19.9466 
6.17 	 5.94557 	 20.006 
6.18 	 5.95179 	 20.0655 
6.19 	 5.95823 	 20.125 
6.2 	 5.96487 	 20.1847 
6.21 	 5.97171 	 20.2443 
6.22 	 5.97875 	 20.3041 
6.23 	 5.98599 	 20.3639 
6.24 	 5.99342 	 20.4238 
6.25 	 6.00104 	 20.4838 
6.26 	 6.00885 	 20.5438 
6.27 	 6.01685 	 20.604 
6.28 	 6.02502 	 20.6642 
6.29 	 6.03337 	 20.7245 
6.3 	 6.0419 	 20.7848 
6.31 	 6.05061 	 20.8453 
6.32 	 6.05948 	 20.9059 
6.33 	 6.06852 	 20.9665 
6.34 	 6.07772 	 21.0272 
6.35 	 6.08708 	 21.088 
6.36 	 6.0966 	 21.149 
6.37 	 6.10627 	 21.21 
6.38 	 6.1161 	 21.2711 
6.39 	 6.12607 	 21.3323 
6.4 	 6.13619 	 21.3936 
6.41 	 6.14646 	 21.455 
6.42 	 6.15686 	 21.5165 
6.43 	 6.1674 	 21.5782 
6.44 	 6.17807 	 21.6399 
6.45 	 6.18888 	 21.7017 
6.46 	 6.19981 	 21.7637 
6.47 	 6.21087 	 21.8257 
6.48 	 6.22205 	 21.8879 
6.49 	 6.23335 	 21.9502 
6.5 	 6.24476 	 22.0126 
6.51 	 6.25629 	 22.0751 
6.52 	 6.26792 	 22.1377 
6.53 	 6.27967 	 22.2004 
6.54 	 6.29152 	 22.2633 
6.55 	 6.30347 	 22.3263 
6.56 	 6.31551 	 22.3893 
6.57 	 6.32765 	 22.4526 
6.58 	 6.33989 	 22.5159 
6.59 	 6.35221 	 22.5794 
6.6 	 6.36462 	 22.6429 
6.61 	 6.37712 	 22.7067 
6.62 	 6.38969 	 22.7705 
6.63 	 6.40234 	 22.8344 
6.64 	 6.41506 	 22.8985 
6.65 	 6.42786 	 22.9627 
6.66 	 6.44072 	 23.0271 
6.67 	 6.45365 	 23.0916 
6.68 	 6.46665 	 23.1562 
6.69 	 6.4797 	 23.2209 
6.7 	 6.4928 	 23.2858 
6.71 	 6.50597 	 23.3508 
6.72 	 6.51918 	 23.4159 
6.73 	 6.53244 	 23.4811 
6.74 	 6.54574 	 23.5465 
6.75 	 6.55908 	 23.6121 
6.76 	 6.57247 	 23.6777 
6.77 	 6.58589 	 23.7435 
6.78 	 6.59934 	 23.8094 
6.79 	 6.61282 	 23.8755 
6.8 	 6.62633 	 23.9417 
6.81 	 6.63986 	 24.008 
6.82 	 6.65341 	 24.0745 
6.83 	 6.66698 	 24.1411 
6.84 	 6.68057 	 24.2078 
6.85 	 6.69416 	 24.2747 
6.86 	 6.70777 	 24.3417 
6.87 	 6.72138 	 24.4088 
6.88 	 6.73499 	 24.4761 
6.89 	 6.7486 	 24.5435 
6.9 	 6.76221 	 24.6111 
6.91 	 6.77582 	 24.6788 
6.92 	 6.78941 	 24.7466 
6.93 	 6.803 	 24.8146 
6.94 	 6.81656 	 24.8827 
6.95 	 6.83011 	 24.9509 
6.96 	 6.84364 	 25.0193 
6.97 	 6.85715 	 25.0878 
6.98 	 6.87062 	 25.1564 
6.99 	 6.88407 	 25.2252 
7 	 6.89749 	 25.2941 
7.01 	 6.91086 	 25.3631 
7.02 	 6.9242 	 25.4323 
7.03 	 6.9375 	 25.5016 
7.04 	 6.95076 	 25.5711 
7.05 	 6.96396 	 25.6406 
7.06 	 6.97711 	 25.7104 
7.07 	 6.99022 	 25.7802 
7.08 	 7.00326 	 25.8502 
7.09 	 7.01624 	 25.9203 
7.1 	 7.02916 	 25.9905 
7.11 	 7.04202 	 26.0608 
7.12 	 7.05481 	 26.1313 
7.13 	 7.06752 	 26.2019 
7.14 	 7.08016 	 26.2727 
7.15 	 7.09273 	 26.3435 
7.16 	 7.10521 	 26.4145 
7.17 	 7.11761 	 26.4856 
7.18 	 7.12992 	 26.5569 
7.19 	 7.14214 	 26.6282 
7.2 	 7.15427 	 26.6997 
7.21 	 7.16631 	 26.7713 
7.22 	 7.17824 	 26.843 
7.23 	 7.19008 	 26.9149 
7.24 	 7.20181 	 26.9868 
7.25 	 7.21343 	 27.0589 
7.26 	 7.22494 	 27.1311 
7.27 	 7.23634 	 27.2034 
7.28 	 7.24763 	 27.2758 
7.29 	 7.25879 	 27.3484 
7.3 	 7.26983 	 27.421 
7.31 	 7.28075 	 27.4938 
7.32 	 7.29153 	 27.5666 
7.33 	 7.30219 	 27.6396 
7.34 	 7.31271 	 27.7127 
7.35 	 7.32311 	 27.7859 
7.36 	 7.33337 	 27.8591 
7.37 	 7.34351 	 27.9325 
7.38 	 7.35353 	 28.006 
7.39 	 7.36343 	 28.0796 
7.4 	 7.37322 	 28.1533 
7.41 	 7.38289 	 28.2271 
7.42 	 7.39245 	 28.3009 
7.43 	 7.40191 	 28.3749 
7.44 	 7.41126 	 28.449 
7.45 	 7.4205 	 28.5231 
7.46 	 7.42965 	 28.5974 
7.47 	 7.43871 	 28.6717 
7.48 	 7.44767 	 28.7462 
7.49 	 7.45654 	 28.8207 
7.5 	 7.46532 	 28.8953 
7.51 	 7.47402 	 28.97 
7.52 	 7.48264 	 29.0448 
7.53 	 7.49118 	 29.1196 
7.54 	 7.49964 	 29.1946 
7.55 	 7.50803 	 29.2696 
7.56 	 7.51635 	 29.3447 
7.57 	 7.52461 	 29.42 
7.58 	 7.5328 	 29.4952 
7.59 	 7.54093 	 29.5706 
7.6 	 7.549 	 29.6461 
7.61 	 7.55702 	 29.7216 
7.62 	 7.56498 	 29.7972 
7.63 	 7.57289 	 29.8729 
7.64 	 7.58076 	 29.9487 
7.65 	 7.58858 	 30.0245 
7.66 	 7.59637 	 30.1004 
7.67 	 7.60411 	 30.1764 
7.68 	 7.61182 	 30.2525 
7.69 	 7.6195 	 30.3287 
7.7 	 7.62715 	 30.4049 
7.71 	 7.63477 	 30.4812 
7.72 	 7.64237 	 30.5576 
7.73 	 7.64994 	 30.6341 
7.74 	 7.6575 	 30.7106 
7.75 	 7.66505 	 30.7872 
7.76 	 7.67258 	 30.8639 
7.77 	 7.6801 	 30.9407 
7.78 	 7.68762 	 31.0175 
7.79 	 7.69513 	 31.0944 
7.8 	 7.70265 	 31.1714 
7.81 	 7.71016 	 31.2485 
7.82 	 7.71768 	 31.3256 
7.83 	 7.72521 	 31.4028 
7.84 	 7.73275 	 31.4801 
7.85 	 7.74031 	 31.5575 
7.86 	 7.74788 	 31.6349 
7.87 	 7.75547 	 31.7124 
7.88 	 7.76308 	 31.79 
7.89 	 7.77072 	 31.8677 
7.9 	 7.77839 	 31.9454 
7.91 	 7.78609 	 32.0233 
7.92 	 7.79382 	 32.1012 
7.93 	 7.80159 	 32.1791 
7.94 	 7.8094 	 32.2572 
7.95 	 7.81725 	 32.3353 
7.96 	 7.82515 	 32.4135 
7.97 	 7.8331 	 32.4918 
7.98 	 7.8411 	 32.5702 
7.99 	 7.84915 	 32.6486 
8 	 7.85726 	 32.7272 
8.01 	 7.86543 	 32.8058 
8.02 	 7.87367 	 32.8845 
8.03 	 7.88197 	 32.9633 
8.04 	 7.89034 	 33.0421 
8.05 	 7.89878 	 33.1211 
8.06 	 7.90729 	 33.2001 
8.07 	 7.91588 	 33.2792 
8.08 	 7.92456 	 33.3584 
8.09 	 7.93331 	 33.4377 
8.1 	 7.94216 	 33.5171 
8.11 	 7.95109 	 33.5966 
8.12 	 7.96011 	 33.6761 
8.13 	 7.96923 	 33.7558 
8.14 	 7.97845 	 33.8355 
8.15 	 7.98776 	 33.9153 
8.16 	 7.99718 	 33.9953 
8.17 	 8.00671 	 34.0753 
8.18 	 8.01635 	 34.1554 
8.19 	 8.02609 	 34.2356 
8.2 	 8.03596 	 34.3159 
8.21 	 8.04594 	 34.3963 
8.22 	 8.05604 	 34.4768 
8.23 	 8.06627 	 34.5574 
8.24 	 8.07662 	 34.6382 
8.25 	 8.0871 	 34.719 
8.26 	 8.09771 	 34.7999 
8.27 	 8.10846 	 34.8809 
8.28 	 8.11935 	 34.9621 
8.29 	 8.13038 	 35.0433 
8.3 	 8.14155 	 35.1247 
8.31 	 8.15287 	 35.2061 
8.32 	 8.16434 	 35.2877 
8.33 	 8.17596 	 35.3694 
8.34 	 8.18774 	 35.4513 
8.35 	 8.19968 	 35.5332 
8.36 	 8.21177 	 35.6152 
8.37 	 8.22403 	 35.6974 
8.38 	 8.23646 	 35.7797 
8.39 	 8.24906 	 35.8622 
8.4 	 8.26183 	 35.9447 
8.41 	 8.27478 	 36.0274 
8.42 	 8.2879 	 36.1102 
8.43 	 8.30121 	 36.1932 
8.44 	 8.3147 	 36.2762 
8.45 	 8.32838 	 36.3594 
8.46 	 8.34225 	 36.4428 
8.47 	 8.35631 	 36.5263 
8.48 	 8.37057 	 36.6099 
8.49 	 8.38503 	 36.6937 
8.5 	 8.39968 	 36.7776 
8.51 	 8.41454 	 36.8617 
8.52 	 8.4296 	 36.9459 
8.53 	 8.44486 	 37.0303 
8.54 	 8.4603 	 37.1148 
8.55 	 8.47594 	 37.1995 
8.56 	 8.49176 	 37.2843 
8.57 	 8.50777 	 37.3693 
8.58 	 8.52396 	 37.4545 
8.59 	 8.54033 	 37.5398 
8.6 	 8.55688 	 37.6253 
8.61 	 8.5736 	 37.711 
8.62 	 8.59048 	 37.7968 
8.63 	 8.60754 	 37.8828 
8.64 	 8.62476 	 37.9689 
8.65 	 8.64214 	 38.0553 
8.66 	 8.65968 	 38.1418 
8.67 	 8.67738 	 38.2285 
8.68 	 8.69523 	 38.3153 
8.69 	 8.71322 	 38.4024 
8.7 	 8.73137 	 38.4896 
8.71 	 8.74966 	 38.577 
8.72 	 8.76809 	 38.6646 
8.73 	 8.78667 	 38.7523 
8.74 	 8.80537 	 38.8403 
8.75 	 8.82421 	 38.9285 
8.76 	 8.84318 	 39.0168 
8.77 	 8.86228 	 39.1053 
8.78 	 8.8815 	 39.194 
8.79 	 8.90085 	 39.2829 
8.8 	 8.92031 	 39.3721 
8.81 	 8.93989 	 39.4614 
8.82 	 8.95958 	 39.5509 
8.83 	 8.97938 	 39.6405 
8.84 	 8.99929 	 39.7304 
8.85 	 9.01931 	 39.8205 
8.86 	 9.03942 	 39.9108 
8.87 	 9.05963 	 40.0013 
8.88 	 9.07994 	 40.092 
8.89 	 9.10035 	 40.1829 
8.9 	 9.12084 	 40.274 
8.91 	 9.14142 	 40.3653 
8.92 	 9.16209 	 40.4569 
8.93 	 9.18283 	 40.5486 
8.94 	 9.20366 	 40.6405 
8.95 	 9.22456 	 40.7327 
8.96 	 9.24554 	 40.825 
8.97 	 9.26658 	 40.9176 
8.98 	 9.28769 	 41.0103 
8.99 	 9.30887 	 41.1033 
9 	 9.33011 	 41.1965 
9.01 	 9.35141 	 41.2899 
9.02 	 9.37276 	 41.3835 
9.03 	 9.39417 	 41.4774 
9.04 	 9.41562 	 41.5714 
9.05 	 9.43713 	 41.6657 
9.06 	 9.45867 	 41.7602 
9.07 	 9.48026 	 41.8549 
9.08 	 9.50189 	 41.9498 
9.09 	 9.52356 	 42.0449 
9.1 	 9.54526 	 42.1402 
9.11 	 9.56699 	 42.2358 
9.12 	 9.58874 	 42.3316 
9.13 	 9.61052 	 42.4276 
9.14 	 9.63232 	 42.5238 
9.15 	 9.65415 	 42.6202 
9.16 	 9.67598 	 42.7169 
9.17 	 9.69783 	 42.8137 
9.18 	 9.71969 	 42.9108 
9.19 	 9.74156 	 43.0081 
9.2 	 9.76343 	 43.1057 
9.21 	 9.78531 	 43.2034 
9.22 	 9.80718 	 43.3014 
9.23 	 9.82905 	 43.3996 
9.24 	 9.85091 	 43.498 
9.25 	 9.87277 	 43.5966 
9.26 	 9.89461 	 43.6954 
9.27 	 9.91643 	 43.7945 
9.28 	 9.93824 	 43.8937 
9.29 	 9.96002 	 43.9932 
9.3 	 9.98178 	 44.0929 
9.31 	 10.0035 	 44.1929 
9.32 	 10.0252 	 44.293 
9.33 	 10.0469 	 44.3934 
9.34 	 10.0685 	 44.4939 
9.35 	 10.0901 	 44.5947 
9.36 	 10.1117 	 44.6957 
9.37 	 10.1332 	 44.797 
9.38 	 10.1547 	 44.8984 
9.39 	 10.1761 	 45.0001 
9.4 	 10.1975 	 45.1019 
9.41 	 10.2188 	 45.204 
9.42 	 10.24 	 45.3063 
9.43 	 10.2612 	 45.4088 
9.44 	 10.2823 	 45.5115 
9.45 	 10.3034 	 45.6145 
9.46 	 10.3244 	 45.7176 
9.47 	 10.3453 	 45.8209 
9.48 	 10.3661 	 45.9245 
9.49 	 10.3869 	 46.0283 
9.5 	 10.4076 	 46.1322 
9.51 	 10.4282 	 46.2364 
9.52 	 10.4487 	 46.3408 
9.53 	 10.4691 	 46.4454 
9.54 	 10.4894 	 46.5502 
9.55 	 10.5097 	 46.6552 
9.56 	 10.5298 	 46.7604 
9.57 	 10.5499 	 46.8658 
9.58 	 10.5698 	 46.9714 
9.59 	 10.5896 	 47.0772 
9.6 	 10.6093 	 47.1832 
9.61 	 10.6289 	 47.2894 
9.62 	 10.6484 	 47.3957 
9.63 	 10.6678 	 47.5023 
9.64 	 10.687 	 47.6091 
9.65 	 10.7062 	 47.7161 
9.66 	 10.7252 	 47.8232 
9.67 	 10.744 	 47.9306 
9.68 	 10.7628 	 48.0381 
9.69 	 10.7814 	 48.1458 
9.7 	 10.7998 	 48.2537 
9.71 	 10.8181 	 48.3618 
9.72 	 10.8363 	 48.4701 
9.73 	 10.8544 	 48.5785 
9.74 	 10.8722 	 48.6872 
9.75 	 10.89 	 48.796 
9.76 	 10.9075 	 48.905 
9.77 	 10.925 	 49.0141 
9.78 	 10.9422 	 49.1235 
9.79 	 10.9593 	 49.233 
9.8 	 10.9762 	 49.3427 
9.81 	 10.993 	 49.4525 
9.82 	 11.0096 	 49.5625 
9.83 	 11.026 	 49.6727 
9.84 	 11.0422 	 49.783 
9.85 	 11.0582 	 49.8935 
9.86 	 11.0741 	 50.0042 
9.87 	 11.0898 	 50.115 
9.88 	 11.1053 	 50.226 
9.89 	 11.1206 	 50.3371 
9.9 	 11.1357 	 50.4484 
9.91 	 11.1506 	 50.5598 
9.92 	 11.1653 	 50.6714 
9.93 	 11.1798 	 50.7831 
9.94 	 11.1941 	 50.895 
9.95 	 11.2081 	 51.007 
9.96 	 11.222 	 51.1192 
9.97 	 11.2357 	 51.2315 
9.98 	 11.2491 	 51.3439 
9.99 	 11.2623 	 51.4564 
