-3 -0.0131508 -0.752728 0 
-2.996 -0.013279 -0.753304 0 
-2.99199 -0.0134083 -0.753881 0 
-2.98799 -0.0135387 -0.754459 0 
-2.98399 -0.0136702 -0.755038 0 
-2.97999 -0.0138028 -0.755619 0 
-2.97598 -0.0139366 -0.756202 0 
-2.97198 -0.0140715 -0.756786 0 
-2.96798 -0.0142075 -0.757372 0 
-2.96398 -0.0143447 -0.75796 0 
-2.95997 -0.0144831 -0.758551 0 
-2.95597 -0.0146226 -0.759143 0 
-2.95197 -0.0147632 -0.759738 0 
-2.94797 -0.0149051 -0.760335 0 
-2.94396 -0.0150482 -0.760936 0 
-2.93996 -0.0151924 -0.761538 0 
-2.93596 -0.0153379 -0.762144 0 
-2.93195 -0.0154846 -0.762753 0 
-2.92795 -0.0156325 -0.763365 0 
-2.92395 -0.0157816 -0.76398 0 
-2.91995 -0.0159319 -0.764599 0 
-2.91594 -0.0160835 -0.765221 0 
-2.91194 -0.0162364 -0.765847 0 
-2.90794 -0.0163905 -0.766477 0 
-2.90394 -0.0165459 -0.767111 0 
-2.89993 -0.0167026 -0.767749 0 
-2.89593 -0.0168605 -0.768391 0 
-2.89193 -0.0170198 -0.769038 0 
-2.88793 -0.0171803 -0.769689 0 
-2.88392 -0.0173421 -0.770345 0 
-2.87992 -0.0175053 -0.771005 0 
-2.87592 -0.0176698 -0.771671 0 
-2.87191 -0.0178356 -0.772342 0 
-2.86791 -0.0180028 -0.773018 0 
-2.86391 -0.0181713 -0.773699 0 
-2.85991 -0.0183411 -0.774386 0 
-2.8559 -0.0185124 -0.775078 0 
-2.8519 -0.018685 -0.775776 0 
-2.8479 -0.018859 -0.776481 0 
-2.8439 -0.0190343 -0.777191 0 
-2.83989 -0.0192111 -0.777907 0 
-2.83589 -0.0193893 -0.77863 0 
-2.83189 -0.0195689 -0.77936 0 
-2.82789 -0.0197499 -0.780096 0 
-2.82388 -0.0199323 -0.780838 0 
-2.81988 -0.0201162 -0.781588 0 
-2.81588 -0.0203015 -0.782345 0 
-2.81187 -0.0204883 -0.783109 0 
-2.80787 -0.0206766 -0.783881 0 
-2.80387 -0.0208663 -0.78466 0 
-2.79987 -0.0210575 -0.785446 0 
-2.79586 -0.0212502 -0.786241 0 
-2.79186 -0.0214443 -0.787043 0 
-2.78786 -0.02164 -0.787854 0 
-2.78386 -0.0218372 -0.788673 0 
-2.77985 -0.0220359 -0.7895 0 
-2.77585 -0.0222362 -0.790336 0 
-2.77185 -0.022438 -0.79118 0 
-2.76785 -0.0226413 -0.792034 0 
-2.76384 -0.0228462 -0.792896 0 
-2.75984 -0.0230526 -0.793767 0 
-2.75584 -0.0232606 -0.794648 0 
-2.75183 -0.0234702 -0.795538 0 
-2.74783 -0.0236814 -0.796438 0 
-2.74383 -0.0238942 -0.797348 0 
-2.73983 -0.0241086 -0.798267 0 
-2.73582 -0.0243246 -0.799196 0 
-2.73182 -0.0245422 -0.800136 0 
-2.72782 -0.0247614 -0.801086 0 
-2.72382 -0.0249823 -0.802046 0 
-2.71981 -0.0252048 -0.803017 0 
-2.71581 -0.025429 -0.803999 0 
-2.71181 -0.0256548 -0.804991 0 
-2.70781 -0.0258823 -0.805995 0 
-2.7038 -0.0261115 -0.80701 0 
-2.6998 -0.0263423 -0.808036 0 
-2.6958 -0.0265749 -0.809073 0 
-2.69179 -0.0268092 -0.810122 0 
-2.68779 -0.0270451 -0.811183 0 
-2.68379 -0.0272828 -0.812256 0 
-2.67979 -0.0275222 -0.813341 0 
-2.67578 -0.0277633 -0.814439 0 
-2.67178 -0.0280062 -0.815548 0 
-2.66778 -0.0282509 -0.81667 0 
-2.66378 -0.0284972 -0.817805 0 
-2.65977 -0.0287454 -0.818952 0 
-2.65577 -0.0289953 -0.820113 0 
-2.65177 -0.029247 -0.821286 0 
-2.64777 -0.0295005 -0.822473 0 
-2.64376 -0.0297558 -0.823673 0 
-2.63976 -0.0300129 -0.824886 0 
-2.63576 -0.0302718 -0.826114 0 
-2.63175 -0.0305325 -0.827354 0 
-2.62775 -0.0307951 -0.828609 0 
-2.62375 -0.0310594 -0.829878 0 
-2.61975 -0.0313257 -0.831161 0 
-2.61574 -0.0315937 -0.832459 0 
-2.61174 -0.0318637 -0.833771 0 
-2.60774 -0.0321355 -0.835097 0 
-2.60374 -0.0324091 -0.836439 0 
-2.59973 -0.0326847 -0.837795 0 
-2.59573 -0.0329621 -0.839166 0 
-2.59173 -0.0332414 -0.840552 0 
-2.58773 -0.0335226 -0.841954 0 
-2.58372 -0.0338058 -0.843371 0 
-2.57972 -0.0340908 -0.844804 0 
-2.57572 -0.0343778 -0.846252 0 
-2.57171 -0.0346667 -0.847717 0 
-2.56771 -0.0349575 -0.849197 0 
-2.56371 -0.0352503 -0.850693 0 
-2.55971 -0.035545 -0.852206 0 
-2.5557 -0.0358417 -0.853735 0 
-2.5517 -0.0361404 -0.85528 0 
-2.5477 -0.036441 -0.856842 0 
-2.5437 -0.0367436 -0.858421 0 
-2.53969 -0.0370481 -0.860017 0 
-2.53569 -0.0373547 -0.861629 0 
-2.53169 -0.0376633 -0.863259 0 
-2.52769 -0.0379738 -0.864906 0 
-2.52368 -0.0382864 -0.866571 0 
-2.51968 -0.038601 -0.868253 0 
-2.51568 -0.0389176 -0.869953 0 
-2.51167 -0.0392362 -0.87167 0 
-2.50767 -0.0395569 -0.873406 0 
-2.50367 -0.0398796 -0.875159 0 
-2.49967 -0.0402043 -0.876931 0 
-2.49566 -0.0405311 -0.87872 0 
-2.49166 -0.04086 -0.880529 0 
-2.48766 -0.0411909 -0.882355 0 
-2.48366 -0.0415238 -0.884201 0 
-2.47965 -0.0418589 -0.886065 0 
-2.47565 -0.042196 -0.887948 0 
-2.47165 -0.0425352 -0.88985 0 
-2.46765 -0.0428765 -0.891771 0 
-2.46364 -0.0432199 -0.893711 0 
-2.45964 -0.0435654 -0.89567 0 
-2.45564 -0.043913 -0.897649 0 
-2.45163 -0.0442627 -0.899648 0 
-2.44763 -0.0446145 -0.901666 0 
-2.44363 -0.0449684 -0.903704 0 
-2.43963 -0.0453244 -0.905762 0 
-2.43562 -0.0456826 -0.90784 0 
-2.43162 -0.0460429 -0.909938 0 
-2.42762 -0.0464053 -0.912056 0 
-2.42362 -0.0467699 -0.914194 0 
-2.41961 -0.0471366 -0.916353 0 
-2.41561 -0.0475054 -0.918532 0 
-2.41161 -0.0478764 -0.920732 0 
-2.40761 -0.0482495 -0.922953 0 
-2.4036 -0.0486248 -0.925195 0 
-2.3996 -0.0490023 -0.927457 0 
-2.3956 -0.0493819 -0.929741 0 
-2.39159 -0.0497637 -0.932045 0 
-2.38759 -0.0501476 -0.934371 0 
-2.38359 -0.0505337 -0.936719 0 
-2.37959 -0.050922 -0.939087 0 
-2.37558 -0.0513124 -0.941477 0 
-2.37158 -0.0517051 -0.943889 0 
-2.36758 -0.0520999 -0.946323 0 
-2.36358 -0.0524969 -0.948778 0 
-2.35957 -0.052896 -0.951255 0 
-2.35557 -0.0532974 -0.953754 0 
-2.35157 -0.0537009 -0.956276 0 
-2.34757 -0.0541067 -0.958819 0 
-2.34356 -0.0545146 -0.961385 0 
-2.33956 -0.0549247 -0.963973 0 
-2.33556 -0.055337 -0.966583 0 
-2.33155 -0.0557514 -0.969216 0 
-2.32755 -0.0561681 -0.971872 0 
-2.32355 -0.056587 -0.97455 0 
-2.31955 -0.057008 -0.977251 0 
-2.31554 -0.0574313 -0.979975 0 
-2.31154 -0.0578567 -0.982722 0 
-2.30754 -0.0582843 -0.985492 0 
-2.30354 -0.0587141 -0.988284 0 
-2.29953 -0.0591461 -0.991101 0 
-2.29553 -0.0595803 -0.99394 0 
-2.29153 -0.0600167 -0.996802 0 
-2.28753 -0.0604553 -0.999688 0 
-2.28352 -0.060896 -1.0026 0 
-2.27952 -0.061339 -1.00553 0 
-2.27552 -0.0617841 -1.00849 0 
-2.27151 -0.0622314 -1.01147 0 
-2.26751 -0.0626809 -1.01447 0 
-2.26351 -0.0631325 -1.0175 0 
-2.25951 -0.0635863 -1.02055 0 
-2.2555 -0.0640423 -1.02363 0 
-2.2515 -0.0645005 -1.02673 0 
-2.2475 -0.0649608 -1.02985 0 
-2.2435 -0.0654233 -1.033 0 
-2.23949 -0.0658879 -1.03617 0 
-2.23549 -0.0663547 -1.03937 0 
-2.23149 -0.0668237 -1.04259 0 
-2.22748 -0.0672948 -1.04583 0 
-2.22348 -0.067768 -1.0491 0 
-2.21948 -0.0682434 -1.0524 0 
-2.21548 -0.0687209 -1.05572 0 
-2.21147 -0.0692005 -1.05906 0 
-2.20747 -0.0696822 -1.06243 0 
-2.20347 -0.0701661 -1.06582 0 
-2.19947 -0.070652 -1.06924 0 
-2.19546 -0.0711401 -1.07268 0 
-2.19146 -0.0716302 -1.07615 0 
-2.18746 -0.0721225 -1.07964 0 
-2.18346 -0.0726168 -1.08316 0 
-2.17945 -0.0731132 -1.0867 0 
-2.17545 -0.0736117 -1.09027 0 
-2.17145 -0.0741122 -1.09386 0 
-2.16744 -0.0746148 -1.09748 0 
-2.16344 -0.0751194 -1.10112 0 
-2.15944 -0.0756261 -1.10479 0 
-2.15544 -0.0761347 -1.10849 0 
-2.15143 -0.0766454 -1.11221 0 
-2.14743 -0.0771581 -1.11595 0 
-2.14343 -0.0776728 -1.11972 0 
-2.13943 -0.0781895 -1.12352 0 
-2.13542 -0.0787082 -1.12734 0 
-2.13142 -0.0792289 -1.13119 0 
-2.12742 -0.0797514 -1.13506 0 
-2.12342 -0.080276 -1.13896 0 
-2.11941 -0.0808025 -1.14288 0 
-2.11541 -0.0813309 -1.14683 0 
-2.11141 -0.0818612 -1.15081 0 
-2.1074 -0.0823934 -1.15481 0 
-2.1034 -0.0829275 -1.15883 0 
-2.0994 -0.0834635 -1.16289 0 
-2.0954 -0.0840013 -1.16697 0 
-2.09139 -0.084541 -1.17107 0 
-2.08739 -0.0850825 -1.1752 0 
-2.08339 -0.0856258 -1.17936 0 
-2.07939 -0.0861709 -1.18354 0 
-2.07538 -0.0867179 -1.18775 0 
-2.07138 -0.0872666 -1.19199 0 
-2.06738 -0.087817 -1.19625 0 
-2.06338 -0.0883693 -1.20054 0 
-2.05937 -0.0889232 -1.20485 0 
-2.05537 -0.0894788 -1.20919 0 
-2.05137 -0.0900362 -1.21356 0 
-2.04736 -0.0905952 -1.21795 0 
-2.04336 -0.0911559 -1.22237 0 
-2.03936 -0.0917182 -1.22682 0 
-2.03536 -0.0922822 -1.23129 0 
-2.03135 -0.0928477 -1.23579 0 
-2.02735 -0.0934149 -1.24031 0 
-2.02335 -0.0939836 -1.24486 0 
-2.01935 -0.0945539 -1.24944 0 
-2.01534 -0.0951257 -1.25405 0 
-2.01134 -0.095699 -1.25868 0 
-2.00734 -0.0962738 -1.26333 0 
-2.00334 -0.0968501 -1.26802 0 
-1.99933 -0.0974278 -1.27273 0 
-1.99533 -0.0980069 -1.27746 0 
-1.99133 -0.0985875 -1.28223 0 
-1.98732 -0.0991694 -1.28702 0 
-1.98332 -0.0997527 -1.29184 0 
-1.97932 -0.100337 -1.29668 0 
-1.97532 -0.100923 -1.30155 0 
-1.97131 -0.101511 -1.30645 0 
-1.96731 -0.102099 -1.31137 0 
-1.96331 -0.102689 -1.31632 0 
-1.95931 -0.10328 -1.3213 0 
-1.9553 -0.103872 -1.3263 0 
-1.9513 -0.104465 -1.33133 0 
-1.9473 -0.10506 -1.33639 0 
-1.9433 -0.105655 -1.34147 0 
-1.93929 -0.106252 -1.34658 0 
-1.93529 -0.106849 -1.35172 0 
-1.93129 -0.107448 -1.35689 0 
-1.92728 -0.108048 -1.36208 0 
-1.92328 -0.108649 -1.3673 0 
-1.91928 -0.10925 -1.37254 0 
-1.91528 -0.109853 -1.37781 0 
-1.91127 -0.110456 -1.38311 0 
-1.90727 -0.111061 -1.38844 0 
-1.90327 -0.111666 -1.39379 0 
-1.89927 -0.112272 -1.39917 0 
-1.89526 -0.112878 -1.40458 0 
-1.89126 -0.113486 -1.41001 0 
-1.88726 -0.114094 -1.41547 0 
-1.88326 -0.114702 -1.42096 0 
-1.87925 -0.115312 -1.42647 0 
-1.87525 -0.115922 -1.43202 0 
-1.87125 -0.116532 -1.43758 0 
-1.86724 -0.117143 -1.44318 0 
-1.86324 -0.117755 -1.4488 0 
-1.85924 -0.118367 -1.45445 0 
-1.85524 -0.118979 -1.46013 0 
-1.85123 -0.119592 -1.46583 0 
-1.84723 -0.120205 -1.47157 0 
-1.84323 -0.120819 -1.47732 0 
-1.83923 -0.121433 -1.48311 0 
-1.83522 -0.122047 -1.48892 0 
-1.83122 -0.122661 -1.49476 0 
-1.82722 -0.123275 -1.50063 0 
-1.82322 -0.12389 -1.50652 0 
-1.81921 -0.124504 -1.51244 0 
-1.81521 -0.125119 -1.51839 0 
-1.81121 -0.125733 -1.52437 0 
-1.8072 -0.126348 -1.53037 0 
-1.8032 -0.126962 -1.5364 0 
-1.7992 -0.127577 -1.54246 0 
-1.7952 -0.128191 -1.54854 0 
-1.79119 -0.128805 -1.55465 0 
-1.78719 -0.129419 -1.56079 0 
-1.78319 -0.130032 -1.56696 0 
-1.77919 -0.130645 -1.57315 0 
-1.77518 -0.131258 -1.57937 0 
-1.77118 -0.13187 -1.58562 0 
-1.76718 -0.132482 -1.59189 0 
-1.76318 -0.133093 -1.59819 0 
-1.75917 -0.133704 -1.60452 0 
-1.75517 -0.134314 -1.61088 0 
-1.75117 -0.134923 -1.61726 0 
-1.74716 -0.135532 -1.62368 0 
-1.74316 -0.136139 -1.63012 0 
-1.73916 -0.136747 -1.63658 0 
-1.73516 -0.137353 -1.64308 0 
-1.73115 -0.137958 -1.6496 0 
-1.72715 -0.138562 -1.65615 0 
-1.72315 -0.139166 -1.66272 0 
-1.71915 -0.139768 -1.66933 0 
-1.71514 -0.140369 -1.67596 0 
-1.71114 -0.140969 -1.68262 0 
-1.70714 -0.141568 -1.6893 0 
-1.70314 -0.142165 -1.69602 0 
-1.69913 -0.142762 -1.70276 0 
-1.69513 -0.143356 -1.70953 0 
-1.69113 -0.14395 -1.71632 0 
-1.68712 -0.144541 -1.72315 0 
-1.68312 -0.145132 -1.73 0 
-1.67912 -0.145721 -1.73688 0 
-1.67512 -0.146308 -1.74378 0 
-1.67111 -0.146893 -1.75072 0 
-1.66711 -0.147476 -1.75768 0 
-1.66311 -0.148058 -1.76467 0 
-1.65911 -0.148638 -1.77169 0 
-1.6551 -0.149216 -1.77873 0 
-1.6511 -0.149792 -1.78581 0 
-1.6471 -0.150366 -1.79291 0 
-1.6431 -0.150937 -1.80004 0 
-1.63909 -0.151507 -1.80719 0 
-1.63509 -0.152074 -1.81438 0 
-1.63109 -0.152639 -1.82159 0 
-1.62708 -0.153202 -1.82883 0 
-1.62308 -0.153762 -1.8361 0 
-1.61908 -0.15432 -1.84339 0 
-1.61508 -0.154875 -1.85072 0 
-1.61107 -0.155427 -1.85807 0 
-1.60707 -0.155977 -1.86545 0 
-1.60307 -0.156524 -1.87286 0 
-1.59907 -0.157069 -1.88029 0 
-1.59506 -0.15761 -1.88776 0 
-1.59106 -0.158148 -1.89525 0 
-1.58706 -0.158684 -1.90277 0 
-1.58306 -0.159216 -1.91032 0 
-1.57905 -0.159746 -1.91789 0 
-1.57505 -0.160272 -1.9255 0 
-1.57105 -0.160794 -1.93313 0 
-1.56704 -0.161314 -1.94079 0 
-1.56304 -0.16183 -1.94848 0 
-1.55904 -0.162342 -1.9562 0 
-1.55504 -0.162852 -1.96395 0 
-1.55103 -0.163357 -1.97172 0 
-1.54703 -0.163859 -1.97953 0 
-1.54303 -0.164357 -1.98736 0 
-1.53903 -0.164851 -1.99522 0 
-1.53502 -0.165341 -2.00311 0 
-1.53102 -0.165827 -2.01103 0 
-1.52702 -0.16631 -2.01897 0 
-1.52302 -0.166788 -2.02695 0 
-1.51901 -0.167262 -2.03495 0 
-1.51501 -0.167732 -2.04299 0 
-1.51101 -0.168197 -2.05105 0 
-1.507 -0.168658 -2.05914 0 
-1.503 -0.169115 -2.06726 0 
-1.499 -0.169567 -2.0754 0 
-1.495 -0.170014 -2.08358 0 
-1.49099 -0.170457 -2.09179 0 
-1.48699 -0.170895 -2.10002 0 
-1.48299 -0.171328 -2.10828 0 
-1.47899 -0.171756 -2.11658 0 
-1.47498 -0.172179 -2.1249 0 
-1.47098 -0.172598 -2.13325 0 
-1.46698 -0.173011 -2.14163 0 
-1.46298 -0.173418 -2.15004 0 
-1.45897 -0.173821 -2.15848 0 
-1.45497 -0.174218 -2.16694 0 
-1.45097 -0.17461 -2.17544 0 
-1.44696 -0.174996 -2.18397 0 
-1.44296 -0.175377 -2.19252 0 
-1.43896 -0.175752 -2.20111 0 
-1.43496 -0.176121 -2.20972 0 
-1.43095 -0.176484 -2.21837 0 
-1.42695 -0.176842 -2.22704 0 
-1.42295 -0.177193 -2.23575 0 
-1.41895 -0.177539 -2.24448 0 
-1.41494 -0.177878 -2.25324 0 
-1.41094 -0.178211 -2.26204 0 
-1.40694 -0.178538 -2.27086 0 
-1.40294 -0.178858 -2.27971 0 
-1.39893 -0.179172 -2.2886 0 
-1.39493 -0.17948 -2.29751 0 
-1.39093 -0.17978 -2.30645 0 
-1.38692 -0.180075 -2.31543 0 
-1.38292 -0.180362 -2.32443 0 
-1.37892 -0.180642 -2.33346 0 
-1.37492 -0.180916 -2.34252 0 
-1.37091 -0.181183 -2.35162 0 
-1.36691 -0.181442 -2.36074 0 
-1.36291 -0.181695 -2.3699 0 
-1.35891 -0.18194 -2.37908 0 
-1.3549 -0.182177 -2.3883 0 
-1.3509 -0.182408 -2.39754 0 
-1.3469 -0.182631 -2.40682 0 
-1.3429 -0.182846 -2.41613 0 
-1.33889 -0.183054 -2.42546 0 
-1.33489 -0.183254 -2.43483 0 
-1.33089 -0.183446 -2.44423 0 
-1.32688 -0.18363 -2.45366 0 
-1.32288 -0.183807 -2.46312 0 
-1.31888 -0.183975 -2.47261 0 
-1.31488 -0.184135 -2.48213 0 
-1.31087 -0.184288 -2.49169 0 
-1.30687 -0.184431 -2.50127 0 
-1.30287 -0.184567 -2.51089 0 
-1.29887 -0.184694 -2.52053 0 
-1.29486 -0.184812 -2.53021 0 
-1.29086 -0.184922 -2.53992 0 
-1.28686 -0.185024 -2.54966 0 
-1.28286 -0.185116 -2.55943 0 
-1.27885 -0.1852 -2.56923 0 
-1.27485 -0.185275 -2.57907 0 
-1.27085 -0.185341 -2.58893 0 
-1.26684 -0.185398 -2.59883 0 
-1.26284 -0.185446 -2.60876 0 
-1.25884 -0.185484 -2.61872 0 
-1.25484 -0.185514 -2.62871 0 
-1.25083 -0.185534 -2.63874 0 
-1.24683 -0.185544 -2.64879 0 
-1.24283 -0.185545 -2.65888 0 
-1.23883 -0.185537 -2.669 0 
-1.23482 -0.185519 -2.67915 0 
-1.23082 -0.185491 -2.68933 0 
-1.22682 -0.185454 -2.69955 0 
-1.22282 -0.185406 -2.70979 0 
-1.21881 -0.185349 -2.72007 0 
-1.21481 -0.185282 -2.73038 0 
-1.21081 -0.185204 -2.74072 0 
-1.2068 -0.185117 -2.7511 0 
-1.2028 -0.185019 -2.76151 0 
-1.1988 -0.184911 -2.77195 0 
-1.1948 -0.184793 -2.78242 0 
-1.19079 -0.184664 -2.79292 0 
-1.18679 -0.184525 -2.80346 0 
-1.18279 -0.184375 -2.81403 0 
-1.17879 -0.184215 -2.82463 0 
-1.17478 -0.184044 -2.83526 0 
-1.17078 -0.183863 -2.84592 0 
-1.16678 -0.18367 -2.85662 0 
-1.16278 -0.183467 -2.86735 0 
-1.15877 -0.183253 -2.87812 0 
-1.15477 -0.183027 -2.88891 0 
-1.15077 -0.182791 -2.89974 0 
-1.14676 -0.182544 -2.9106 0 
-1.14276 -0.182285 -2.92149 0 
-1.13876 -0.182016 -2.93242 0 
-1.13476 -0.181735 -2.94338 0 
-1.13075 -0.181442 -2.95437 0 
-1.12675 -0.181139 -2.9654 0 
-1.12275 -0.180824 -2.97645 0 
-1.11875 -0.180497 -2.98754 0 
-1.11474 -0.180159 -2.99866 0 
-1.11074 -0.179809 -3.00982 0 
-1.10674 -0.179448 -3.02101 0 
-1.10274 -0.179075 -3.03223 0 
-1.09873 -0.17869 -3.04348 0 
-1.09473 -0.178293 -3.05477 0 
-1.09073 -0.177885 -3.06609 0 
-1.08672 -0.177465 -3.07744 0 
-1.08272 -0.177032 -3.08882 0 
-1.07872 -0.176588 -3.10024 0 
-1.07472 -0.176132 -3.11169 0 
-1.07071 -0.175664 -3.12318 0 
-1.06671 -0.175184 -3.13469 0 
-1.06271 -0.174691 -3.14624 0 
-1.05871 -0.174187 -3.15782 0 
-1.0547 -0.17367 -3.16944 0 
-1.0507 -0.173141 -3.18109 0 
-1.0467 -0.1726 -3.19277 0 
-1.0427 -0.172046 -3.20448 0 
-1.03869 -0.17148 -3.21623 0 
-1.03469 -0.170902 -3.228 0 
-1.03069 -0.170312 -3.23982 0 
-1.02668 -0.169709 -3.25166 0 
-1.02268 -0.169094 -3.26354 0 
-1.01868 -0.168466 -3.27545 0 
-1.01468 -0.167826 -3.28739 0 
-1.01067 -0.167173 -3.29936 0 
-1.00667 -0.166508 -3.31137 0 
-1.00267 -0.16583 -3.32341 0 
-0.998666 -0.16514 -3.33548 0 
-0.994663 -0.164437 -3.34759 0 
-0.99066 -0.163722 -3.35973 0 
-0.986658 -0.162994 -3.3719 0 
-0.982655 -0.162254 -3.3841 0 
-0.978652 -0.161501 -3.39633 0 
-0.97465 -0.160735 -3.4086 0 
-0.970647 -0.159957 -3.4209 0 
-0.966644 -0.159167 -3.43323 0 
-0.962642 -0.158363 -3.44559 0 
-0.958639 -0.157548 -3.45799 0 
-0.954636 -0.15672 -3.47041 0 
-0.950634 -0.155879 -3.48287 0 
-0.946631 -0.155025 -3.49536 0 
-0.942628 -0.15416 -3.50788 0 
-0.938626 -0.153281 -3.52044 0 
-0.934623 -0.152391 -3.53302 0 
-0.93062 -0.151487 -3.54564 0 
-0.926618 -0.150572 -3.55829 0 
-0.922615 -0.149644 -3.57097 0 
-0.918612 -0.148703 -3.58368 0 
-0.91461 -0.14775 -3.59642 0 
-0.910607 -0.146785 -3.6092 0 
-0.906604 -0.145808 -3.622 0 
-0.902602 -0.144818 -3.63484 0 
-0.898599 -0.143816 -3.6477 0 
-0.894596 -0.142802 -3.6606 0 
-0.890594 -0.141776 -3.67353 0 
-0.886591 -0.140738 -3.68648 0 
-0.882588 -0.139688 -3.69947 0 
-0.878586 -0.138625 -3.71249 0 
-0.874583 -0.137551 -3.72554 0 
-0.87058 -0.136465 -3.73861 0 
-0.866578 -0.135367 -3.75172 0 
-0.862575 -0.134258 -3.76486 0 
-0.858572 -0.133136 -3.77803 0 
-0.85457 -0.132004 -3.79122 0 
-0.850567 -0.130859 -3.80445 0 
-0.846564 -0.129703 -3.8177 0 
-0.842562 -0.128536 -3.83099 0 
-0.838559 -0.127357 -3.8443 0 
-0.834556 -0.126167 -3.85764 0 
-0.830554 -0.124966 -3.87101 0 
-0.826551 -0.123754 -3.88441 0 
-0.822548 -0.122531 -3.89784 0 
-0.818546 -0.121297 -3.91129 0 
-0.814543 -0.120052 -3.92477 0 
-0.81054 -0.118796 -3.93828 0 
-0.806538 -0.11753 -3.95182 0 
-0.802535 -0.116254 -3.96538 0 
-0.798532 -0.114967 -3.97897 0 
-0.79453 -0.11367 -3.99259 0 
-0.790527 -0.112362 -4.00623 0 
-0.786524 -0.111045 -4.01991 0 
-0.782522 -0.109718 -4.0336 0 
-0.778519 -0.108381 -4.04733 0 
-0.774516 -0.107034 -4.06107 0 
-0.770514 -0.105678 -4.07485 0 
-0.766511 -0.104312 -4.08865 0 
-0.762508 -0.102937 -4.10247 0 
-0.758506 -0.101553 -4.11632 0 
-0.754503 -0.10016 -4.1302 0 
-0.7505 -0.0987586 -4.1441 0 
-0.746498 -0.0973483 -4.15802 0 
-0.742495 -0.0959295 -4.17197 0 
-0.738492 -0.0945023 -4.18594 0 
-0.73449 -0.093067 -4.19993 0 
-0.730487 -0.0916237 -4.21395 0 
-0.726484 -0.0901725 -4.22799 0 
-0.722482 -0.0887137 -4.24205 0 
-0.718479 -0.0872475 -4.25613 0 
-0.714476 -0.0857739 -4.27024 0 
-0.710474 -0.0842933 -4.28437 0 
-0.706471 -0.0828057 -4.29852 0 
-0.702468 -0.0813115 -4.31269 0 
-0.698466 -0.0798107 -4.32688 0 
-0.694463 -0.0783037 -4.34109 0 
-0.69046 -0.0767905 -4.35532 0 
-0.686458 -0.0752715 -4.36958 0 
-0.682455 -0.0737468 -4.38385 0 
-0.678452 -0.0722166 -4.39814 0 
-0.67445 -0.0706812 -4.41245 0 
-0.670447 -0.0691409 -4.42678 0 
-0.666444 -0.0675957 -4.44112 0 
-0.662442 -0.0660461 -4.45549 0 
-0.658439 -0.0644921 -4.46987 0 
-0.654436 -0.0629342 -4.48427 0 
-0.650434 -0.0613724 -4.49868 0 
-0.646431 -0.0598071 -4.51312 0 
-0.642428 -0.0582386 -4.52756 0 
-0.638426 -0.056667 -4.54203 0 
-0.634423 -0.0550927 -4.55651 0 
-0.63042 -0.053516 -4.571 0 
-0.626418 -0.051937 -4.58551 0 
-0.622415 -0.0503562 -4.60003 0 
-0.618412 -0.0487737 -4.61457 0 
-0.61441 -0.0471899 -4.62912 0 
-0.610407 -0.0456051 -4.64368 0 
-0.606404 -0.0440195 -4.65826 0 
-0.602402 -0.0424336 -4.67285 0 
-0.598399 -0.0408475 -4.68745 0 
-0.594396 -0.0392616 -4.70206 0 
-0.590394 -0.0376762 -4.71668 0 
-0.586391 -0.0360917 -4.73131 0 
-0.582388 -0.0345084 -4.74595 0 
-0.578386 -0.0329265 -4.7606 0 
-0.574383 -0.0313466 -4.77526 0 
-0.57038 -0.0297688 -4.78993 0 
-0.566378 -0.0281935 -4.80461 0 
-0.562375 -0.0266212 -4.81929 0 
-0.558372 -0.0250521 -4.83399 0 
-0.55437 -0.0234867 -4.84868 0 
-0.550367 -0.0219253 -4.86339 0 
-0.546364 -0.0203682 -4.8781 0 
-0.542362 -0.0188159 -4.89281 0 
-0.538359 -0.0172687 -4.90753 0 
-0.534356 -0.015727 -4.92226 0 
-0.530354 -0.0141913 -4.93699 0 
-0.526351 -0.0126619 -4.95172 0 
-0.522348 -0.0111392 -4.96645 0 
-0.518346 -0.00962372 -4.98119 0 
-0.514343 -0.00811576 -4.99593 0 
-0.51034 -0.00661579 -5.01066 0 
-0.506338 -0.00512423 -5.0254 0 
-0.502335 -0.00364152 -5.04014 0 
-0.498332 -0.0021681 -5.05488 0 
-0.49433 -0.000704405 -5.06962 0 
-0.490327 0.000749109 -5.08436 0 
-0.486324 0.00219199 -5.09909 0 
-0.482322 0.00362377 -5.11382 0 
-0.478319 0.00504398 -5.12855 0 
-0.474316 0.00645216 -5.14327 0 
-0.470314 0.00784783 -5.15799 0 
-0.466311 0.00923051 -5.1727 0 
-0.462308 0.0105997 -5.18741 0 
-0.458306 0.0119549 -5.20211 0 
-0.454303 0.0132956 -5.21681 0 
-0.4503 0.0146214 -5.2315 0 
-0.446298 0.0159316 -5.24617 0 
-0.442295 0.0172258 -5.26084 0 
-0.438292 0.0185035 -5.2755 0 
-0.43429 0.0197642 -5.29016 0 
-0.430287 0.0210072 -5.3048 0 
-0.426284 0.0222321 -5.31942 0 
-0.422282 0.0234383 -5.33404 0 
-0.418279 0.0246253 -5.34864 0 
-0.414276 0.0257924 -5.36323 0 
-0.410274 0.0269392 -5.37781 0 
-0.406271 0.0280651 -5.39237 0 
-0.402268 0.0291695 -5.40692 0 
-0.398266 0.0302518 -5.42145 0 
-0.394263 0.0313114 -5.43597 0 
-0.39026 0.0323478 -5.45046 0 
-0.386258 0.0333603 -5.46494 0 
-0.382255 0.0343483 -5.4794 0 
-0.378252 0.0353113 -5.49384 0 
-0.374249 0.0362485 -5.50826 0 
-0.370247 0.0371595 -5.52266 0 
-0.366244 0.0380435 -5.53704 0 
-0.362241 0.0388999 -5.5514 0 
-0.358239 0.0397281 -5.56573 0 
-0.354236 0.0405274 -5.58004 0 
-0.350233 0.0412973 -5.59433 0 
-0.346231 0.0420369 -5.60859 0 
-0.342228 0.0427457 -5.62282 0 
-0.338225 0.043423 -5.63703 0 
-0.334223 0.0440682 -5.65121 0 
-0.33022 0.0446804 -5.66536 0 
-0.326217 0.0452591 -5.67949 0 
-0.322215 0.0458036 -5.69358 0 
-0.318212 0.0463131 -5.70765 0 
-0.314209 0.046787 -5.72168 0 
-0.310207 0.0472244 -5.73568 0 
-0.306204 0.0476249 -5.74965 0 
-0.302201 0.0479875 -5.76358 0 
-0.298199 0.0483115 -5.77748 0 
-0.294196 0.0485964 -5.79135 0 
-0.290193 0.0488412 -5.80518 0 
-0.286191 0.0490452 -5.81897 0 
-0.282188 0.0492077 -5.83273 0 
-0.278185 0.049328 -5.84645 0 
-0.274183 0.0494052 -5.86013 0 
-0.27018 0.0494386 -5.87377 0 
-0.266177 0.0494274 -5.88737 0 
-0.262175 0.0493709 -5.90092 0 
-0.258172 0.0492682 -5.91444 0 
-0.254169 0.0491185 -5.92791 0 
-0.250167 0.0489211 -5.94134 0 
-0.246164 0.0486752 -5.95473 0 
-0.242161 0.0483799 -5.96807 0 
-0.238159 0.0480343 -5.98136 0 
-0.234156 0.0476378 -5.99461 0 
-0.230153 0.0471894 -6.0078 0 
-0.226151 0.0466884 -6.02095 0 
-0.222148 0.0461338 -6.03405 0 
-0.218145 0.0455249 -6.0471 0 
-0.214143 0.0448608 -6.0601 0 
-0.21014 0.0441406 -6.07305 0 
-0.206137 0.0433634 -6.08594 0 
-0.202135 0.0425285 -6.09878 0 
-0.198132 0.0416348 -6.11157 0 
-0.194129 0.0406816 -6.1243 0 
-0.190127 0.0396679 -6.13697 0 
-0.186124 0.0385929 -6.14959 0 
-0.182121 0.0374557 -6.16215 0 
-0.178119 0.0362553 -6.17465 0 
-0.174116 0.0349909 -6.18709 0 
-0.170113 0.0336614 -6.19947 0 
-0.166111 0.0322662 -6.21179 0 
-0.162108 0.0308041 -6.22405 0 
-0.158105 0.0292742 -6.23624 0 
-0.154103 0.0276757 -6.24837 0 
-0.1501 0.0260076 -6.26043 0 
-0.146097 0.0242689 -6.27243 0 
-0.142095 0.0224587 -6.28436 0 
-0.138092 0.020576 -6.29623 0 
-0.134089 0.0186199 -6.30802 0 
-0.130087 0.0165894 -6.31975 0 
-0.126084 0.0144835 -6.33141 0 
-0.122081 0.0123013 -6.34299 0 
-0.118079 0.0100418 -6.35451 0 
-0.114076 0.00770392 -6.36595 0 
-0.110073 0.00528676 -6.37732 0 
-0.106071 0.0027893 -6.38861 0 
-0.102068 0.000210535 -6.39983 0 
-0.0980654 -0.00245054 -6.41097 0 
-0.0940627 -0.00519493 -6.42204 0 
-0.09006 -0.00802365 -6.43303 0 
-0.0860574 -0.0109377 -6.44394 0 
-0.0820547 -0.0139382 -6.45476 0 
-0.078052 -0.0170261 -6.46551 0 
-0.0740494 -0.0202024 -6.47618 0 
-0.0700467 -0.0234682 -6.48676 0 
-0.066044 -0.0268245 -6.49727 0 
-0.0620414 -0.0302724 -6.50768 0 
-0.0580387 -0.0338129 -6.51802 0 
-0.054036 -0.037447 -6.52826 0 
-0.0500334 -0.0411759 -6.53842 0 
-0.0460307 -0.0450007 -6.5485 0 
-0.042028 -0.0489222 -6.55848 0 
-0.0380254 -0.0529417 -6.56838 0 
-0.0340227 -0.0570603 -6.57818 0 
-0.03002 -0.0612789 -6.5879 0 
-0.0260173 -0.0655987 -6.59752 0 
-0.0220147 -0.0700207 -6.60705 0 
-0.018012 -0.0745462 -6.61649 0 
-0.0140093 -0.079176 -6.62583 0 
-0.0100067 -0.0839114 -6.63508 0 
-0.006004 -0.0887535 -6.64423 0 
-0.00200133 -0.0937033 -6.65329 0 
0.00200133 -0.0987619 -6.66224 1.002 
0.006004 -0.103931 -6.6711 1.006 
0.0100067 -0.10921 -6.67986 1.01001 
0.0140093 -0.114602 -6.68852 1.01401 
0.018012 -0.120107 -6.69708 1.01801 
0.0220147 -0.125727 -6.70553 1.02201 
0.0260173 -0.131462 -6.71389 1.02601 
0.03002 -0.137314 -6.72214 1.03001 
0.0340227 -0.143284 -6.73028 1.03401 
0.0380254 -0.149373 -6.73832 1.03801 
0.042028 -0.155582 -6.74626 1.042 
0.0460307 -0.161912 -6.75409 1.046 
0.0500334 -0.168364 -6.76181 1.04999 
0.054036 -0.17494 -6.76942 1.05398 
0.0580387 -0.181641 -6.77692 1.05797 
0.0620414 -0.188468 -6.78431 1.06196 
0.066044 -0.195421 -6.7916 1.06594 
0.0700467 -0.202503 -6.79877 1.06993 
0.0740494 -0.209714 -6.80583 1.07391 
0.078052 -0.217055 -6.81277 1.07789 
0.0820547 -0.224528 -6.8196 1.08186 
0.0860574 -0.232134 -6.82632 1.08584 
0.09006 -0.239874 -6.83292 1.08981 
0.0940627 -0.247748 -6.83941 1.09377 
0.0980654 -0.255759 -6.84578 1.09774 
0.102068 -0.263908 -6.85203 1.1017 
0.106071 -0.272195 -6.85816 1.10565 
0.110073 -0.280622 -6.86418 1.1096 
0.114076 -0.28919 -6.87007 1.11355 
0.118079 -0.297899 -6.87584 1.1175 
0.122081 -0.306753 -6.8815 1.12144 
0.126084 -0.31575 -6.88703 1.12537 
0.130087 -0.324893 -6.89244 1.1293 
0.134089 -0.334183 -6.89772 1.13323 
0.138092 -0.343621 -6.90288 1.13715 
0.142095 -0.353208 -6.90792 1.14107 
0.146097 -0.362946 -6.91283 1.14498 
0.1501 -0.372835 -6.91761 1.14889 
0.154103 -0.382876 -6.92227 1.15279 
0.158105 -0.393071 -6.9268 1.15668 
0.162108 -0.403422 -6.93121 1.16057 
0.166111 -0.413928 -6.93548 1.16445 
0.170113 -0.424592 -6.93963 1.16833 
0.174116 -0.435415 -6.94364 1.1722 
0.178119 -0.446397 -6.94753 1.17606 
0.182121 -0.45754 -6.95128 1.17992 
0.186124 -0.468845 -6.9549 1.18377 
0.190127 -0.480314 -6.95839 1.18761 
0.194129 -0.491946 -6.96175 1.19144 
0.198132 -0.503745 -6.96497 1.19527 
0.202135 -0.51571 -6.96806 1.19909 
0.206137 -0.527843 -6.97101 1.2029 
0.21014 -0.540145 -6.97383 1.20671 
0.214143 -0.552617 -6.97652 1.2105 
0.218145 -0.56526 -6.97906 1.21429 
0.222148 -0.578077 -6.98147 1.21807 
0.226151 -0.591066 -6.98375 1.22184 
0.230153 -0.604231 -6.98588 1.2256 
0.234156 -0.617572 -6.98788 1.22935 
0.238159 -0.63109 -6.98974 1.23309 
0.242161 -0.644786 -6.99145 1.23683 
0.246164 -0.658661 -6.99303 1.24055 
0.250167 -0.672718 -6.99447 1.24426 
0.254169 -0.686956 -6.99577 1.24797 
0.258172 -0.701376 -6.99693 1.25166 
0.262175 -0.715981 -6.99794 1.25534 
0.266177 -0.730771 -6.99881 1.25901 
0.27018 -0.745748 -6.99955 1.26267 
0.274183 -0.760911 -7.00013 1.26632 
0.278185 -0.776263 -7.00058 1.26996 
0.282188 -0.791805 -7.00088 1.27358 
0.286191 -0.807538 -7.00104 1.2772 
0.290193 -0.823462 -7.00105 1.2808 
0.294196 -0.83958 -7.00092 1.28439 
0.298199 -0.855891 -7.00064 1.28796 
0.302201 -0.872398 -7.00022 1.29153 
0.306204 -0.889101 -6.99965 1.29508 
0.310207 -0.906001 -6.99893 1.29862 
0.314209 -0.9231 -6.99807 1.30214 
0.318212 -0.940398 -6.99706 1.30565 
0.322215 -0.957897 -6.99591 1.30915 
0.326217 -0.975598 -6.99461 1.31264 
0.33022 -0.993501 -6.99316 1.31611 
0.334223 -1.01161 -6.99156 1.31956 
0.338225 -1.02992 -6.98982 1.323 
0.342228 -1.04844 -6.98792 1.32643 
0.346231 -1.06716 -6.98588 1.32984 
0.350233 -1.0861 -6.98369 1.33323 
0.354236 -1.10524 -6.98135 1.33661 
0.358239 -1.12459 -6.97887 1.33997 
0.362241 -1.14415 -6.97623 1.34332 
0.366244 -1.16393 -6.97344 1.34665 
0.370247 -1.18392 -6.97051 1.34997 
0.374249 -1.20412 -6.96742 1.35326 
0.378252 -1.22454 -6.96419 1.35654 
0.382255 -1.24517 -6.96081 1.35981 
0.386258 -1.26602 -6.95727 1.36305 
0.39026 -1.28709 -6.95359 1.36628 
0.394263 -1.30838 -6.94976 1.36949 
0.398266 -1.32988 -6.94577 1.37268 
0.402268 -1.35161 -6.94164 1.37586 
0.406271 -1.37356 -6.93736 1.37901 
0.410274 -1.39574 -6.93293 1.38215 
0.414276 -1.41813 -6.92834 1.38526 
0.418279 -1.44076 -6.92361 1.38836 
0.422282 -1.4636 -6.91873 1.39144 
0.426284 -1.48668 -6.9137 1.39449 
0.430287 -1.50998 -6.90851 1.39753 
0.43429 -1.53351 -6.90318 1.40055 
0.438292 -1.55727 -6.8977 1.40354 
0.442295 -1.58126 -6.89207 1.40652 
0.446298 -1.60548 -6.88629 1.40947 
0.4503 -1.62993 -6.88036 1.4124 
0.454303 -1.65461 -6.87428 1.41531 
0.458306 -1.67953 -6.86805 1.4182 
0.462308 -1.70468 -6.86168 1.42106 
0.466311 -1.73007 -6.85515 1.4239 
0.470314 -1.75569 -6.84848 1.42672 
0.474316 -1.78156 -6.84166 1.42952 
0.478319 -1.80765 -6.83469 1.43229 
0.482322 -1.83399 -6.82757 1.43504 
0.486324 -1.86056 -6.82031 1.43777 
0.490327 -1.88738 -6.8129 1.44047 
0.49433 -1.91444 -6.80534 1.44314 
0.498332 -1.94173 -6.79764 1.44579 
0.502335 -1.96927 -6.78979 1.44842 
0.506338 -1.99705 -6.78179 1.45102 
0.51034 -2.02508 -6.77365 1.45359 
0.514343 -2.05335 -6.76536 1.45614 
0.518346 -2.08187 -6.75693 1.45866 
0.522348 -2.11063 -6.74836 1.46116 
0.526351 -2.13963 -6.73964 1.46362 
0.530354 -2.16889 -6.73078 1.46607 
0.534356 -2.19839 -6.72177 1.46848 
0.538359 -2.22814 -6.71262 1.47086 
0.542362 -2.25814 -6.70333 1.47322 
0.546364 -2.28839 -6.6939 1.47555 
0.550367 -2.31889 -6.68433 1.47785 
0.55437 -2.34964 -6.67462 1.48012 
0.558372 -2.38064 -6.66476 1.48236 
0.562375 -2.41189 -6.65477 1.48458 
0.566378 -2.44339 -6.64464 1.48676 
0.57038 -2.47515 -6.63437 1.48891 
0.574383 -2.50716 -6.62397 1.49103 
0.578386 -2.53943 -6.61342 1.49312 
0.582388 -2.57195 -6.60274 1.49518 
0.586391 -2.60473 -6.59193 1.49721 
0.590394 -2.63776 -6.58098 1.4992 
0.594396 -2.67104 -6.56989 1.50117 
0.598399 -2.70459 -6.55868 1.5031 
0.602402 -2.73839 -6.54732 1.50499 
0.606404 -2.77245 -6.53584 1.50686 
0.610407 -2.80676 -6.52423 1.50869 
0.61441 -2.84134 -6.51248 1.51049 
0.618412 -2.87617 -6.50061 1.51225 
0.622415 -2.91126 -6.4886 1.51398 
0.626418 -2.94662 -6.47647 1.51567 
0.63042 -2.98223 -6.46421 1.51733 
0.634423 -3.0181 -6.45183 1.51896 
0.638426 -3.05423 -6.43932 1.52054 
0.642428 -3.09062 -6.42668 1.5221 
0.646431 -3.12728 -6.41392 1.52361 
0.650434 -3.16419 -6.40104 1.52509 
0.654436 -3.20137 -6.38803 1.52653 
0.658439 -3.23881 -6.37491 1.52793 
0.662442 -3.27651 -6.36166 1.5293 
0.666444 -3.31448 -6.3483 1.53063 
0.670447 -3.3527 -6.33481 1.53192 
0.67445 -3.39119 -6.32121 1.53317 
0.678452 -3.42995 -6.3075 1.53438 
0.682455 -3.46896 -6.29366 1.53555 
0.686458 -3.50824 -6.27972 1.53668 
0.69046 -3.54779 -6.26566 1.53777 
0.694463 -3.58759 -6.25149 1.53882 
0.698466 -3.62766 -6.23721 1.53983 
0.702468 -3.668 -6.22282 1.54079 
0.706471 -3.7086 -6.20833 1.54172 
0.710474 -3.74946 -6.19372 1.5426 
0.714476 -3.79059 -6.17901 1.54344 
0.718479 -3.83198 -6.16419 1.54424 
0.722482 -3.87364 -6.14927 1.545 
0.726484 -3.91556 -6.13425 1.54571 
0.730487 -3.95775 -6.11913 1.54638 
0.73449 -4.0002 -6.10391 1.547 
0.738492 -4.04292 -6.08859 1.54758 
0.742495 -4.0859 -6.07317 1.54811 
0.746498 -4.12914 -6.05765 1.5486 
0.7505 -4.17265 -6.04205 1.54904 
0.754503 -4.21643 -6.02634 1.54943 
0.758506 -4.26046 -6.01055 1.54978 
0.762508 -4.30477 -5.99467 1.55008 
0.766511 -4.34933 -5.97869 1.55034 
0.770514 -4.39416 -5.96263 1.55054 
0.774516 -4.43926 -5.94648 1.5507 
0.778519 -4.48462 -5.93025 1.55081 
0.782522 -4.53024 -5.91394 1.55087 
0.786524 -4.57613 -5.89754 1.55088 
0.790527 -4.62228 -5.88106 1.55084 
0.79453 -4.66869 -5.8645 1.55075 
0.798532 -4.71536 -5.84787 1.55061 
0.802535 -4.7623 -5.83116 1.55042 
0.806538 -4.8095 -5.81438 1.55018 
0.81054 -4.85697 -5.79752 1.54989 
0.814543 -4.90469 -5.78059 1.54954 
0.818546 -4.95268 -5.76359 1.54914 
0.822548 -5.00092 -5.74653 1.54869 
0.826551 -5.04943 -5.7294 1.54818 
0.830554 -5.0982 -5.7122 1.54762 
0.834556 -5.14723 -5.69494 1.54701 
0.838559 -5.19652 -5.67762 1.54634 
0.842562 -5.24607 -5.66024 1.54562 
0.846564 -5.29588 -5.6428 1.54484 
0.850567 -5.34595 -5.62531 1.54401 
0.85457 -5.39628 -5.60776 1.54311 
0.858572 -5.44686 -5.59016 1.54217 
0.862575 -5.4977 -5.5725 1.54116 
0.866578 -5.5488 -5.5548 1.5401 
0.87058 -5.60016 -5.53705 1.53898 
0.874583 -5.65178 -5.51926 1.5378 
0.878586 -5.70364 -5.50142 1.53656 
0.882588 -5.75577 -5.48354 1.53526 
0.886591 -5.80815 -5.46562 1.5339 
0.890594 -5.86078 -5.44767 1.53249 
0.894596 -5.91367 -5.42967 1.53101 
0.898599 -5.96681 -5.41164 1.52947 
0.902602 -6.02021 -5.39358 1.52787 
0.906604 -6.07385 -5.37549 1.5262 
0.910607 -6.12775 -5.35737 1.52448 
0.91461 -6.1819 -5.33923 1.52269 
0.918612 -6.2363 -5.32106 1.52084 
0.922615 -6.29095 -5.30286 1.51892 
0.926618 -6.34585 -5.28465 1.51694 
0.93062 -6.40099 -5.26642 1.51489 
0.934623 -6.45639 -5.24817 1.51278 
0.938626 -6.51203 -5.22991 1.51061 
0.942628 -6.56792 -5.21163 1.50837 
0.946631 -6.62406 -5.19334 1.50606 
0.950634 -6.68044 -5.17505 1.50368 
0.954636 -6.73706 -5.15675 1.50124 
0.958639 -6.79393 -5.13844 1.49873 
0.962642 -6.85104 -5.12014 1.49615 
0.966644 -6.9084 -5.10183 1.4935 
0.970647 -6.96599 -5.08353 1.49078 
0.97465 -7.02383 -5.06523 1.488 
0.978652 -7.08191 -5.04693 1.48514 
0.982655 -7.14022 -5.02865 1.48221 
0.986658 -7.19878 -5.01038 1.47921 
0.99066 -7.25757 -4.99212 1.47614 
0.994663 -7.3166 -4.97387 1.473 
0.998666 -7.37586 -4.95564 1.46978 
1.00267 -7.43537 -4.93744 1.46649 
1.00667 -7.4951 -4.91925 1.46313 
1.01067 -7.55507 -4.90109 1.45969 
1.01468 -7.61527 -4.88296 1.45618 
1.01868 -7.67571 -4.86485 1.4526 
1.02268 -7.73637 -4.84678 1.44893 
1.02668 -7.79727 -4.82874 1.4452 
1.03069 -7.85839 -4.81074 1.44138 
1.03469 -7.91974 -4.79277 1.43749 
1.03869 -7.98133 -4.77484 1.43352 
1.0427 -8.04313 -4.75696 1.42947 
1.0467 -8.10517 -4.73913 1.42535 
1.0507 -8.16742 -4.72134 1.42114 
1.0547 -8.2299 -4.7036 1.41686 
1.05871 -8.29261 -4.68591 1.41249 
1.06271 -8.35554 -4.66828 1.40805 
1.06671 -8.41868 -4.6507 1.40352 
1.07071 -8.48205 -4.63319 1.39892 
1.07472 -8.54564 -4.61574 1.39423 
1.07872 -8.60944 -4.59835 1.38946 
1.08272 -8.67346 -4.58103 1.3846 
1.08672 -8.7377 -4.56378 1.37966 
1.09073 -8.80215 -4.5466 1.37464 
1.09473 -8.86682 -4.52949 1.36953 
1.09873 -8.9317 -4.51246 1.36434 
1.10274 -8.99679 -4.49551 1.35906 
1.10674 -9.0621 -4.47865 1.3537 
1.11074 -9.12761 -4.46187 1.34825 
1.11474 -9.19333 -4.44517 1.34271 
1.11875 -9.25926 -4.42856 1.33708 
1.12275 -9.3254 -4.41205 1.33137 
1.12675 -9.39174 -4.39563 1.32557 
1.13075 -9.45829 -4.37931 1.31968 
1.13476 -9.52504 -4.36309 1.31369 
1.13876 -9.592 -4.34697 1.30762 
1.14276 -9.65915 -4.33095 1.30146 
1.14676 -9.72651 -4.31504 1.2952 
1.15077 -9.79407 -4.29925 1.28886 
1.15477 -9.86182 -4.28356 1.28242 
1.15877 -9.92978 -4.26799 1.27589 
1.16278 -9.99793 -4.25254 1.26926 
1.16678 -10.0663 -4.23721 1.26254 
1.17078 -10.1348 -4.222 1.25573 
1.17478 -10.2035 -4.20692 1.24882 
1.17879 -10.2725 -4.19196 1.24182 
1.18279 -10.3416 -4.17714 1.23471 
1.18679 -10.4109 -4.16245 1.22752 
1.19079 -10.4804 -4.14789 1.22022 
1.1948 -10.5501 -4.13348 1.21283 
1.1988 -10.6199 -4.11921 1.20534 
1.2028 -10.69 -4.10508 1.19775 
1.2068 -10.7602 -4.09109 1.19006 
1.21081 -10.8306 -4.07726 1.18227 
1.21481 -10.9013 -4.06358 1.17438 
1.21881 -10.972 -4.05005 1.16638 
1.22282 -11.043 -4.03668 1.15829 
1.22682 -11.1141 -4.02348 1.15009 
1.23082 -11.1855 -4.01043 1.14179 
1.23482 -11.257 -3.99755 1.13339 
1.23883 -11.3286 -3.98484 1.12489 
1.24283 -11.4005 -3.9723 1.11627 
1.24683 -11.4725 -3.95993 1.10756 
1.25083 -11.5447 -3.94774 1.09874 
1.25484 -11.6171 -3.93573 1.08981 
1.25884 -11.6896 -3.9239 1.08077 
1.26284 -11.7623 -3.91225 1.07163 
1.26684 -11.8352 -3.9008 1.06238 
1.27085 -11.9082 -3.88953 1.05302 
1.27485 -11.9814 -3.87845 1.04355 
1.27885 -12.0548 -3.86757 1.03398 
1.28286 -12.1284 -3.85689 1.02429 
1.28686 -12.2021 -3.84641 1.01449 
1.29086 -12.2759 -3.83613 1.00458 
1.29486 -12.3499 -3.82606 0.994559 
1.29887 -12.4241 -3.81619 0.984425 
1.30287 -12.4985 -3.80654 0.974177 
1.30687 -12.573 -3.7971 0.963816 
1.31087 -12.6476 -3.78788 0.95334 
1.31488 -12.7224 -3.77888 0.94275 
1.31888 -12.7974 -3.7701 0.932044 
1.32288 -12.8725 -3.76155 0.921222 
1.32688 -12.9478 -3.75322 0.910283 
1.33089 -13.0232 -3.74512 0.899227 
1.33489 -13.0988 -3.73726 0.888054 
1.33889 -13.1745 -3.72963 0.876762 
1.3429 -13.2503 -3.72225 0.865351 
1.3469 -13.3264 -3.7151 0.853821 
1.3509 -13.4025 -3.7082 0.84217 
1.3549 -13.4788 -3.70154 0.830399 
1.35891 -13.5553 -3.69513 0.818506 
1.36291 -13.6319 -3.68898 0.806492 
1.36691 -13.7086 -3.68307 0.794354 
1.37091 -13.7855 -3.67743 0.782094 
1.37492 -13.8625 -3.67205 0.76971 
1.37892 -13.9396 -3.66692 0.757202 
1.38292 -14.0169 -3.66207 0.744569 
1.38692 -14.0943 -3.65748 0.731811 
1.39093 -14.1719 -3.65316 0.718926 
1.39493 -14.2496 -3.64912 0.705915 
1.39893 -14.3274 -3.64535 0.692776 
1.40294 -14.4054 -3.64186 0.679509 
1.40694 -14.4835 -3.63865 0.666114 
1.41094 -14.5617 -3.63572 0.65259 
1.41494 -14.6401 -3.63308 0.638937 
1.41895 -14.7186 -3.63073 0.625152 
1.42295 -14.7972 -3.62867 0.611237 
1.42695 -14.8759 -3.6269 0.597191 
1.43095 -14.9548 -3.62544 0.583012 
1.43496 -15.0338 -3.62427 0.568701 
1.43896 -15.1129 -3.6234 0.554256 
1.44296 -15.1922 -3.62283 0.539678 
1.44696 -15.2715 -3.62258 0.524965 
1.45097 -15.351 -3.62263 0.510116 
1.45497 -15.4306 -3.62299 0.495132 
1.45897 -15.5104 -3.62367 0.480012 
1.46298 -15.5902 -3.62466 0.464755 
1.46698 -15.6702 -3.62598 0.44936 
1.47098 -15.7503 -3.62761 0.433827 
1.47498 -15.8305 -3.62957 0.418155 
1.47899 -15.9108 -3.63186 0.402343 
1.48299 -15.9912 -3.63448 0.386392 
1.48699 -16.0718 -3.63742 0.3703 
1.49099 -16.1524 -3.64071 0.354067 
1.495 -16.2332 -3.64432 0.337691 
1.499 -16.3141 -3.64828 0.321174 
1.503 -16.3951 -3.65258 0.304513 
1.507 -16.4762 -3.65722 0.287709 
1.51101 -16.5574 -3.66221 0.27076 
1.51501 -16.6388 -3.66755 0.253666 
1.51901 -16.7202 -3.67323 0.236427 
1.52302 -16.8017 -3.67927 0.219042 
1.52702 -16.8834 -3.68567 0.20151 
1.53102 -16.9651 -3.69242 0.18383 
1.53502 -17.047 -3.69953 0.166003 
1.53903 -17.1289 -3.70701 0.148026 
1.54303 -17.211 -3.71485 0.129901 
1.54703 -17.2932 -3.72305 0.111626 
1.55103 -17.3754 -3.73163 0.0931998 
1.55504 -17.4578 -3.74057 0.0746229 
1.55904 -17.5403 -3.74989 0.0558943 
1.56304 -17.6228 -3.75959 0.0370134 
1.56704 -17.7055 -3.76966 0.0179795 
1.57105 -17.7883 -3.78011 -0.00120792 
1.57505 -17.8711 -3.79094 -0.0205495 
1.57905 -17.9541 -3.80216 -0.0400459 
1.58306 -18.0372 -3.81376 -0.0596977 
1.58706 -18.1203 -3.82576 -0.0795056 
1.59106 -18.2035 -3.83814 -0.0994701 
1.59506 -18.2869 -3.85091 -0.119592 
1.59907 -18.3703 -3.86408 -0.139871 
1.60307 -18.4538 -3.87764 -0.16031 
1.60707 -18.5374 -3.8916 -0.180907 
1.61107 -18.6211 -3.90597 -0.201664 
1.61508 -18.7049 -3.92073 -0.222581 
1.61908 -18.7888 -3.9359 -0.243659 
1.62308 -18.8728 -3.95147 -0.264899 
1.62708 -18.9568 -3.96745 -0.286301 
1.63109 -19.041 -3.98384 -0.307866 
1.63509 -19.1252 -4.00064 -0.329595 
1.63909 -19.2095 -4.01786 -0.351487 
1.6431 -19.294 -4.03549 -0.373544 
1.6471 -19.3784 -4.05353 -0.395766 
1.6511 -19.463 -4.072 -0.418154 
1.6551 -19.5477 -4.09088 -0.440709 
1.65911 -19.6324 -4.11019 -0.46343 
1.66311 -19.7172 -4.12992 -0.48632 
1.66711 -19.8021 -4.15007 -0.509378 
1.67111 -19.8871 -4.17066 -0.532604 
1.67512 -19.9722 -4.19166 -0.556001 
1.67912 -20.0573 -4.2131 -0.579567 
1.68312 -20.1425 -4.23497 -0.603304 
1.68712 -20.2278 -4.25728 -0.627213 
1.69113 -20.3132 -4.28001 -0.651293 
1.69513 -20.3986 -4.30319 -0.675546 
1.69913 -20.4841 -4.3268 -0.699973 
1.70314 -20.5697 -4.35085 -0.724573 
1.70714 -20.6554 -4.37533 -0.749347 
1.71114 -20.7412 -4.40026 -0.774297 
1.71514 -20.827 -4.42564 -0.799422 
1.71915 -20.9129 -4.45145 -0.824724 
1.72315 -20.9988 -4.47771 -0.850202 
1.72715 -21.0848 -4.50442 -0.875857 
1.73115 -21.1709 -4.53157 -0.901691 
1.73516 -21.2571 -4.55918 -0.927703 
1.73916 -21.3433 -4.58723 -0.953895 
1.74316 -21.4296 -4.61574 -0.980266 
1.74716 -21.516 -4.64469 -1.00682 
1.75117 -21.6024 -4.6741 -1.03355 
1.75517 -21.6889 -4.70396 -1.06047 
1.75917 -21.7755 -4.73428 -1.08756 
1.76318 -21.8621 -4.76506 -1.11484 
1.76718 -21.9488 -4.79629 -1.1423 
1.77118 -22.0356 -4.82798 -1.16995 
1.77518 -22.1224 -4.86013 -1.19778 
1.77919 -22.2093 -4.89273 -1.2258 
1.78319 -22.2962 -4.9258 -1.254 
1.78719 -22.3832 -4.95933 -1.28239 
1.79119 -22.4702 -4.99332 -1.31097 
1.7952 -22.5573 -5.02777 -1.33973 
1.7992 -22.6445 -5.06269 -1.36868 
1.8032 -22.7317 -5.09807 -1.39782 
1.8072 -22.819 -5.13391 -1.42715 
1.81121 -22.9063 -5.17022 -1.45667 
1.81521 -22.9937 -5.20699 -1.48638 
1.81921 -23.0811 -5.24423 -1.51628 
1.82322 -23.1686 -5.28194 -1.54637 
1.82722 -23.2561 -5.32011 -1.57665 
1.83122 -23.3436 -5.35875 -1.60713 
1.83522 -23.4313 -5.39786 -1.6378 
1.83923 -23.5189 -5.43743 -1.66866 
1.84323 -23.6066 -5.47747 -1.69972 
1.84723 -23.6944 -5.51798 -1.73097 
1.85123 -23.7822 -5.55896 -1.76242 
1.85524 -23.87 -5.6004 -1.79407 
1.85924 -23.9579 -5.64232 -1.82591 
1.86324 -24.0458 -5.6847 -1.85795 
1.86724 -24.1338 -5.72755 -1.89018 
1.87125 -24.2218 -5.77087 -1.92262 
1.87525 -24.3098 -5.81466 -1.95525 
1.87925 -24.3979 -5.85892 -1.98808 
1.88326 -24.486 -5.90364 -2.02111 
1.88726 -24.5741 -5.94883 -2.05435 
1.89126 -24.6623 -5.99449 -2.08778 
1.89526 -24.7505 -6.04062 -2.12142 
1.89927 -24.8387 -6.08722 -2.15525 
1.90327 -24.9269 -6.13428 -2.18929 
1.90727 -25.0152 -6.1818 -2.22354 
1.91127 -25.1035 -6.2298 -2.25799 
1.91528 -25.1919 -6.27825 -2.29264 
1.91928 -25.2802 -6.32718 -2.32749 
1.92328 -25.3686 -6.37656 -2.36255 
1.92728 -25.457 -6.42641 -2.39782 
1.93129 -25.5454 -6.47673 -2.43329 
1.93529 -25.6338 -6.5275 -2.46898 
1.93929 -25.7222 -6.57874 -2.50486 
1.9433 -25.8107 -6.63044 -2.54096 
1.9473 -25.8991 -6.68259 -2.57726 
1.9513 -25.9876 -6.73521 -2.61378 
1.9553 -26.0761 -6.78828 -2.6505 
1.95931 -26.1646 -6.84181 -2.68743 
1.96331 -26.2531 -6.8958 -2.72457 
1.96731 -26.3416 -6.95024 -2.76193 
1.97131 -26.4301 -7.00513 -2.79949 
1.97532 -26.5186 -7.06048 -2.83727 
1.97932 -26.6071 -7.11627 -2.87526 
1.98332 -26.6956 -7.17252 -2.91346 
1.98732 -26.7841 -7.22921 -2.95187 
1.99133 -26.8726 -7.28636 -2.9905 
1.99533 -26.961 -7.34394 -3.02934 
1.99933 -27.0495 -7.40198 -3.0684 
2.00334 -27.1379 -7.46045 -3.10767 
2.00734 -27.2264 -7.51937 -3.14716 
2.01134 -27.3148 -7.57872 -3.18687 
2.01534 -27.4032 -7.63851 -3.22679 
2.01935 -27.4916 -7.69874 -3.26693 
2.02335 -27.5799 -7.75941 -3.30728 
2.02735 -27.6683 -7.8205 -3.34786 
2.03135 -27.7566 -7.88203 -3.38865 
2.03536 -27.8449 -7.94398 -3.42966 
2.03936 -27.9331 -8.00636 -3.47089 
2.04336 -28.0213 -8.06916 -3.51234 
2.04736 -28.1095 -8.13239 -3.55401 
2.05137 -28.1976 -8.19604 -3.5959 
2.05537 -28.2857 -8.2601 -3.63802 
2.05937 -28.3738 -8.32458 -3.68035 
2.06338 -28.4618 -8.38948 -3.72291 
2.06738 -28.5498 -8.45478 -3.76568 
2.07138 -28.6377 -8.5205 -3.80868 
2.07538 -28.7255 -8.58662 -3.85191 
2.07939 -28.8133 -8.65314 -3.89535 
2.08339 -28.9011 -8.72007 -3.93902 
2.08739 -28.9888 -8.78739 -3.98292 
2.09139 -29.0764 -8.85511 -4.02704 
2.0954 -29.1639 -8.92322 -4.07138 
2.0994 -29.2514 -8.99172 -4.11595 
2.1034 -29.3388 -9.06061 -4.16075 
2.1074 -29.4262 -9.12989 -4.20577 
2.11141 -29.5134 -9.19954 -4.25102 
2.11541 -29.6006 -9.26958 -4.2965 
2.11941 -29.6877 -9.33998 -4.3422 
2.12342 -29.7747 -9.41077 -4.38813 
2.12742 -29.8617 -9.48192 -4.43429 
2.13142 -29.9485 -9.55343 -4.48068 
2.13542 -30.0353 -9.62531 -4.52729 
2.13943 -30.1219 -9.69755 -4.57414 
2.14343 -30.2084 -9.77014 -4.62121 
2.14743 -30.2949 -9.84309 -4.66851 
2.15143 -30.3812 -9.91638 -4.71605 
2.15544 -30.4674 -9.99002 -4.76381 
2.15944 -30.5535 -10.064 -4.81181 
2.16344 -30.6395 -10.1383 -4.86003 
2.16744 -30.7254 -10.213 -4.90849 
2.17145 -30.8112 -10.288 -4.95718 
2.17545 -30.8968 -10.3633 -5.0061 
2.17945 -30.9823 -10.4389 -5.05525 
2.18346 -31.0676 -10.5149 -5.10463 
2.18746 -31.1529 -10.5911 -5.15425 
2.19146 -31.2379 -10.6677 -5.2041 
2.19546 -31.3229 -10.7446 -5.25419 
2.19947 -31.4077 -10.8218 -5.3045 
2.20347 -31.4923 -10.8993 -5.35505 
2.20747 -31.5768 -10.977 -5.40584 
2.21147 -31.6611 -11.0551 -5.45686 
2.21548 -31.7453 -11.1335 -5.50811 
2.21948 -31.8292 -11.2121 -5.5596 
2.22348 -31.9131 -11.291 -5.61133 
2.22748 -31.9967 -11.3702 -5.66328 
2.23149 -32.0802 -11.4496 -5.71548 
2.23549 -32.1635 -11.5293 -5.76791 
2.23949 -32.2466 -11.6093 -5.82057 
2.2435 -32.3295 -11.6895 -5.87348 
2.2475 -32.4122 -11.77 -5.92661 
2.2515 -32.4947 -11.8507 -5.97999 
2.2555 -32.577 -11.9316 -6.0336 
2.25951 -32.6591 -12.0128 -6.08745 
2.26351 -32.741 -12.0942 -6.14153 
2.26751 -32.8227 -12.1758 -6.19585 
2.27151 -32.9042 -12.2577 -6.25041 
2.27552 -32.9854 -12.3397 -6.30521 
2.27952 -33.0664 -12.422 -6.36024 
2.28352 -33.1472 -12.5044 -6.41552 
2.28753 -33.2278 -12.5871 -6.47103 
2.29153 -33.3081 -12.6699 -6.52677 
2.29553 -33.3881 -12.753 -6.58276 
2.29953 -33.4679 -12.8362 -6.63898 
2.30354 -33.5475 -12.9196 -6.69545 
2.30754 -33.6268 -13.0031 -6.75215 
2.31154 -33.7058 -13.0868 -6.80909 
2.31554 -33.7846 -13.1707 -6.86626 
2.31955 -33.8631 -13.2547 -6.92368 
2.32355 -33.9413 -13.3389 -6.98134 
2.32755 -34.0192 -13.4232 -7.03923 
2.33155 -34.0969 -13.5076 -7.09736 
2.33556 -34.1742 -13.5922 -7.15573 
2.33956 -34.2513 -13.6768 -7.21435 
2.34356 -34.3281 -13.7616 -7.2732 
2.34757 -34.4045 -13.8465 -7.33228 
2.35157 -34.4806 -13.9315 -7.39161 
2.35557 -34.5565 -14.0166 -7.45118 
2.35957 -34.632 -14.1018 -7.51099 
2.36358 -34.7072 -14.1871 -7.57103 
2.36758 -34.782 -14.2724 -7.63131 
2.37158 -34.8565 -14.3578 -7.69184 
2.37558 -34.9307 -14.4433 -7.7526 
2.37959 -35.0045 -14.5288 -7.8136 
2.38359 -35.078 -14.6144 -7.87484 
2.38759 -35.1511 -14.7 -7.93632 
2.39159 -35.2239 -14.7857 -7.99804 
2.3956 -35.2963 -14.8713 -8.05999 
2.3996 -35.3683 -14.957 -8.12219 
2.4036 -35.44 -15.0428 -8.18462 
2.40761 -35.5112 -15.1285 -8.24729 
2.41161 -35.5821 -15.2142 -8.3102 
2.41561 -35.6526 -15.2999 -8.37335 
2.41961 -35.7227 -15.3856 -8.43674 
2.42362 -35.7924 -15.4713 -8.50037 
2.42762 -35.8617 -15.557 -8.56423 
2.43162 -35.9305 -15.6426 -8.62833 
2.43562 -35.999 -15.7282 -8.69267 
2.43963 -36.067 -15.8137 -8.75724 
2.44363 -36.1346 -15.8992 -8.82206 
2.44763 -36.2018 -15.9846 -8.88711 
2.45163 -36.2685 -16.0699 -8.95239 
2.45564 -36.3348 -16.1551 -9.01792 
2.45964 -36.4006 -16.2403 -9.08368 
2.46364 -36.466 -16.3254 -9.14968 
2.46765 -36.5309 -16.4103 -9.21591 
2.47165 -36.5953 -16.4952 -9.28238 
2.47565 -36.6593 -16.5799 -9.34908 
2.47965 -36.7228 -16.6645 -9.41602 
2.48366 -36.7858 -16.749 -9.4832 
2.48766 -36.8484 -16.8334 -9.55061 
2.49166 -36.9104 -16.9175 -9.61825 
2.49566 -36.9719 -17.0016 -9.68613 
2.49967 -37.0329 -17.0854 -9.75424 
2.50367 -37.0935 -17.1691 -9.82259 
2.50767 -37.1535 -17.2526 -9.89117 
2.51167 -37.2129 -17.3359 -9.95998 
2.51568 -37.2719 -17.4191 -10.029 
2.51968 -37.3303 -17.502 -10.0983 
2.52368 -37.3882 -17.5847 -10.1678 
2.52769 -37.4456 -17.6672 -10.2376 
2.53169 -37.5023 -17.7494 -10.3075 
2.53569 -37.5586 -17.8314 -10.3777 
2.53969 -37.6143 -17.9132 -10.4482 
2.5437 -37.6694 -17.9947 -10.5188 
2.5477 -37.7239 -18.0759 -10.5897 
2.5517 -37.7779 -18.1569 -10.6608 
2.5557 -37.8313 -18.2376 -10.7322 
2.55971 -37.8841 -18.318 -10.8038 
2.56371 -37.9363 -18.3981 -10.8756 
2.56771 -37.9879 -18.4779 -10.9476 
2.57171 -38.0389 -18.5574 -11.0199 
2.57572 -38.0893 -18.6365 -11.0924 
2.57972 -38.1391 -18.7154 -11.1651 
2.58372 -38.1882 -18.7939 -11.238 
2.58773 -38.2368 -18.872 -11.3112 
2.59173 -38.2847 -18.9498 -11.3846 
2.59573 -38.3319 -19.0272 -11.4582 
2.59973 -38.3786 -19.1043 -11.532 
2.60374 -38.4245 -19.1809 -11.6061 
2.60774 -38.4699 -19.2572 -11.6803 
2.61174 -38.5145 -19.3331 -11.7548 
2.61574 -38.5586 -19.4085 -11.8295 
2.61975 -38.6019 -19.4836 -11.9045 
2.62375 -38.6446 -19.5582 -11.9796 
2.62775 -38.6866 -19.6324 -12.055 
2.63175 -38.7279 -19.7061 -12.1306 
2.63576 -38.7685 -19.7794 -12.2064 
2.63976 -38.8084 -19.8522 -12.2825 
2.64376 -38.8476 -19.9246 -12.3587 
2.64777 -38.8861 -19.9965 -12.4352 
2.65177 -38.924 -20.0678 -12.5118 
2.65577 -38.961 -20.1387 -12.5887 
2.65977 -38.9974 -20.2091 -12.6658 
2.66378 -39.0331 -20.279 -12.7431 
2.66778 -39.068 -20.3483 -12.8207 
2.67178 -39.1022 -20.4172 -12.8984 
2.67578 -39.1356 -20.4854 -12.9764 
2.67979 -39.1683 -20.5532 -13.0545 
2.68379 -39.2003 -20.6203 -13.1329 
2.68779 -39.2315 -20.6869 -13.2114 
2.69179 -39.2619 -20.753 -13.2902 
2.6958 -39.2916 -20.8184 -13.3692 
2.6998 -39.3205 -20.8833 -13.4484 
2.7038 -39.3487 -20.9475 -13.5278 
2.70781 -39.376 -21.0111 -13.6074 
2.71181 -39.4026 -21.0742 -13.6872 
2.71581 -39.4284 -21.1366 -13.7672 
2.71981 -39.4534 -21.1983 -13.8474 
2.72382 -39.4776 -21.2594 -13.9278 
2.72782 -39.501 -21.3199 -14.0084 
2.73182 -39.5236 -21.3796 -14.0891 
2.73582 -39.5453 -21.4388 -14.1701 
2.73983 -39.5663 -21.4972 -14.2513 
2.74383 -39.5865 -21.5549 -14.3327 
2.74783 -39.6058 -21.612 -14.4143 
2.75183 -39.6243 -21.6683 -14.496 
2.75584 -39.642 -21.724 -14.578 
2.75984 -39.6588 -21.7789 -14.6601 
2.76384 -39.6748 -21.833 -14.7424 
2.76785 -39.69 -21.8864 -14.825 
2.77185 -39.7043 -21.9391 -14.9077 
2.77585 -39.7177 -21.991 -14.9906 
2.77985 -39.7303 -22.0422 -15.0736 
2.78386 -39.7421 -22.0926 -15.1569 
2.78786 -39.7529 -22.1422 -15.2403 
2.79186 -39.7629 -22.191 -15.3239 
2.79586 -39.7721 -22.239 -15.4077 
2.79987 -39.7804 -22.2862 -15.4917 
2.80387 -39.7877 -22.3325 -15.5759 
2.80787 -39.7943 -22.3781 -15.6602 
2.81187 -39.7999 -22.4228 -15.7447 
2.81588 -39.8046 -22.4667 -15.8294 
2.81988 -39.8085 -22.5097 -15.9142 
2.82388 -39.8114 -22.5519 -15.9992 
2.82789 -39.8134 -22.5932 -16.0844 
2.83189 -39.8146 -22.6336 -16.1698 
2.83589 -39.8148 -22.6732 -16.2553 
2.83989 -39.8142 -22.7118 -16.341 
2.8439 -39.8126 -22.7496 -16.4268 
2.8479 -39.8101 -22.7864 -16.5128 
2.8519 -39.8067 -22.8224 -16.599 
2.8559 -39.8024 -22.8574 -16.6853 
2.85991 -39.7971 -22.8915 -16.7718 
2.86391 -39.791 -22.9246 -16.8584 
2.86791 -39.7839 -22.9569 -16.9452 
2.87191 -39.7758 -22.9881 -17.0321 
2.87592 -39.7669 -23.0184 -17.1192 
2.87992 -39.757 -23.0478 -17.2065 
2.88392 -39.7462 -23.0761 -17.2939 
2.88793 -39.7344 -23.1035 -17.3814 
2.89193 -39.7217 -23.1299 -17.4691 
2.89593 -39.708 -23.1553 -17.5569 
2.89993 -39.6934 -23.1797 -17.6449 
2.90394 -39.6778 -23.203 -17.733 
2.90794 -39.6613 -23.2254 -17.8212 
2.91194 -39.6439 -23.2467 -17.9096 
2.91594 -39.6254 -23.267 -17.9981 
2.91995 -39.6061 -23.2863 -18.0867 
2.92395 -39.5857 -23.3045 -18.1755 
2.92795 -39.5645 -23.3217 -18.2644 
2.93195 -39.5422 -23.3378 -18.3535 
2.93596 -39.519 -23.3529 -18.4426 
2.93996 -39.4948 -23.3668 -18.5319 
2.94396 -39.4697 -23.3797 -18.6213 
2.94797 -39.4435 -23.3916 -18.7108 
2.95197 -39.4165 -23.4023 -18.8004 
2.95597 -39.3884 -23.4119 -18.8902 
2.95997 -39.3594 -23.4204 -18.9801 
2.96398 -39.3294 -23.4278 -19.07 
2.96798 -39.2984 -23.4341 -19.1601 
2.97198 -39.2665 -23.4393 -19.2503 
2.97598 -39.2336 -23.4434 -19.3406 
2.97999 -39.1997 -23.4463 -19.431 
2.98399 -39.1648 -23.4481 -19.5215 
2.98799 -39.1289 -23.4487 -19.6121 
2.99199 -39.0921 -23.4482 -19.7028 
2.996 -39.0543 -23.4465 -19.7936 
3 -39.0155 -23.4437 -19.8845 
