-3 -0.00213203 0.0155395 0 
-2.996 -0.00215408 0.0151188 0 
-2.99199 -0.00217633 0.0147021 0 
-2.98799 -0.00219878 0.0142894 0 
-2.98399 -0.00222144 0.0138808 0 
-2.97999 -0.00224431 0.0134762 0 
-2.97598 -0.00226739 0.0130758 0 
-2.97198 -0.00229068 0.0126794 0 
-2.96798 -0.00231418 0.0122871 0 
-2.96398 -0.0023379 0.011899 0 
-2.95997 -0.00236183 0.011515 0 
-2.95597 -0.00238598 0.0111351 0 
-2.95197 -0.00241035 0.0107593 0 
-2.94797 -0.00243495 0.0103878 0 
-2.94396 -0.00245976 0.0100203 0 
-2.93996 -0.0024848 0.0096571 0 
-2.93596 -0.00251007 0.00929805 0 
-2.93195 -0.00253556 0.00894319 0 
-2.92795 -0.00256128 0.00859254 0 
-2.92395 -0.00258723 0.00824609 0 
-2.91995 -0.00261342 0.00790386 0 
-2.91594 -0.00263984 0.00756586 0 
-2.91194 -0.0026665 0.00723209 0 
-2.90794 -0.00269339 0.00690255 0 
-2.90394 -0.00272052 0.00657725 0 
-2.89993 -0.0027479 0.0062562 0 
-2.89593 -0.00277551 0.0059394 0 
-2.89193 -0.00280337 0.00562686 0 
-2.88793 -0.00283148 0.00531857 0 
-2.88392 -0.00285984 0.00501455 0 
-2.87992 -0.00288844 0.0047148 0 
-2.87592 -0.0029173 0.00441931 0 
-2.87191 -0.0029464 0.0041281 0 
-2.86791 -0.00297577 0.00384115 0 
-2.86391 -0.00300539 0.00355849 0 
-2.85991 -0.00303527 0.00328009 0 
-2.8559 -0.00306541 0.00300598 0 
-2.8519 -0.00309581 0.00273614 0 
-2.8479 -0.00312647 0.00247057 0 
-2.8439 -0.0031574 0.00220928 0 
-2.83989 -0.00318859 0.00195226 0 
-2.83589 -0.00322006 0.00169951 0 
-2.83189 -0.00325179 0.00145104 0 
-2.82789 -0.0032838 0.00120683 0 
-2.82388 -0.00331608 0.000966883 0 
-2.81988 -0.00334864 0.000731199 0 
-2.81588 -0.00338148 0.000499772 0 
-2.81187 -0.00341459 0.000272598 0 
-2.80787 -0.00344799 4.96723e-05 0 
-2.80387 -0.00348167 -0.00016901 0 
-2.79987 -0.00351563 -0.000383455 0 
-2.79586 -0.00354989 -0.000593668 0 
-2.79186 -0.00358443 -0.000799656 0 
-2.78786 -0.00361926 -0.00100143 0 
-2.78386 -0.00365438 -0.00119898 0 
-2.77985 -0.0036898 -0.00139234 0 
-2.77585 -0.00372551 -0.0015815 0 
-2.77185 -0.00376152 -0.00176647 0 
-2.76785 -0.00379783 -0.00194726 0 
-2.76384 -0.00383444 -0.00212389 0 
-2.75984 -0.00387136 -0.00229636 0 
-2.75584 -0.00390858 -0.00246468 0 
-2.75183 -0.00394611 -0.00262886 0 
-2.74783 -0.00398394 -0.00278892 0 
-2.74383 -0.00402209 -0.00294486 0 
-2.73983 -0.00406055 -0.0030967 0 
-2.73582 -0.00409932 -0.00324445 0 
-2.73182 -0.00413841 -0.00338812 0 
-2.72782 -0.00417782 -0.00352772 0 
-2.72382 -0.00421754 -0.00366328 0 
-2.71981 -0.00425759 -0.0037948 0 
-2.71581 -0.00429796 -0.0039223 0 
-2.71181 -0.00433866 -0.0040458 0 
-2.70781 -0.00437968 -0.0041653 0 
-2.7038 -0.00442104 -0.00428083 0 
-2.6998 -0.00446272 -0.0043924 0 
-2.6958 -0.00450474 -0.00450002 0 
-2.69179 -0.00454709 -0.00460372 0 
-2.68779 -0.00458978 -0.00470352 0 
-2.68379 -0.0046328 -0.00479942 0 
-2.67979 -0.00467617 -0.00489146 0 
-2.67578 -0.00471988 -0.00497964 0 
-2.67178 -0.00476393 -0.00506399 0 
-2.66778 -0.00480833 -0.00514453 0 
-2.66378 -0.00485307 -0.00522127 0 
-2.65977 -0.00489816 -0.00529424 0 
-2.65577 -0.00494361 -0.00536346 0 
-2.65177 -0.0049894 -0.00542895 0 
-2.64777 -0.00503555 -0.00549072 0 
-2.64376 -0.00508206 -0.00554882 0 
-2.63976 -0.00512893 -0.00560324 0 
-2.63576 -0.00517615 -0.00565403 0 
-2.63175 -0.00522374 -0.0057012 0 
-2.62775 -0.00527169 -0.00574477 0 
-2.62375 -0.00532001 -0.00578477 0 
-2.61975 -0.00536869 -0.00582123 0 
-2.61574 -0.00541774 -0.00585416 0 
-2.61174 -0.00546716 -0.0058836 0 
-2.60774 -0.00551696 -0.00590956 0 
-2.60374 -0.00556712 -0.00593209 0 
-2.59973 -0.00561767 -0.00595119 0 
-2.59573 -0.00566859 -0.0059669 0 
-2.59173 -0.00571989 -0.00597925 0 
-2.58773 -0.00577157 -0.00598826 0 
-2.58372 -0.00582363 -0.00599396 0 
-2.57972 -0.00587608 -0.00599637 0 
-2.57572 -0.00592891 -0.00599554 0 
-2.57171 -0.00598213 -0.00599148 0 
-2.56771 -0.00603574 -0.00598423 0 
-2.56371 -0.00608974 -0.00597381 0 
-2.55971 -0.00614414 -0.00596025 0 
-2.5557 -0.00619892 -0.00594359 0 
-2.5517 -0.00625411 -0.00592386 0 
-2.5477 -0.00630968 -0.00590108 0 
-2.5437 -0.00636566 -0.00587529 0 
-2.53969 -0.00642204 -0.00584652 0 
-2.53569 -0.00647882 -0.0058148 0 
-2.53169 -0.00653601 -0.00578016 0 
-2.52769 -0.00659359 -0.00574264 0 
-2.52368 -0.00665159 -0.00570226 0 
-2.51968 -0.00670999 -0.00565907 0 
-2.51568 -0.0067688 -0.0056131 0 
-2.51167 -0.00682803 -0.00556437 0 
-2.50767 -0.00688766 -0.00551293 0 
-2.50367 -0.00694771 -0.0054588 0 
-2.49967 -0.00700818 -0.00540203 0 
-2.49566 -0.00706906 -0.00534264 0 
-2.49166 -0.00713035 -0.00528067 0 
-2.48766 -0.00719207 -0.00521617 0 
-2.48366 -0.00725421 -0.00514915 0 
-2.47965 -0.00731677 -0.00507967 0 
-2.47565 -0.00737975 -0.00500775 0 
-2.47165 -0.00744316 -0.00493344 0 
-2.46765 -0.00750699 -0.00485676 0 
-2.46364 -0.00757125 -0.00477777 0 
-2.45964 -0.00763594 -0.00469648 0 
-2.45564 -0.00770106 -0.00461295 0 
-2.45163 -0.0077666 -0.00452721 0 
-2.44763 -0.00783258 -0.0044393 0 
-2.44363 -0.00789899 -0.00434925 0 
-2.43963 -0.00796584 -0.0042571 0 
-2.43562 -0.00803312 -0.0041629 0 
-2.43162 -0.00810084 -0.00406669 0 
-2.42762 -0.00816899 -0.00396849 0 
-2.42362 -0.00823758 -0.00386836 0 
-2.41961 -0.00830661 -0.00376632 0 
-2.41561 -0.00837607 -0.00366243 0 
-2.41161 -0.00844598 -0.00355672 0 
-2.40761 -0.00851633 -0.00344923 0 
-2.4036 -0.00858712 -0.00334 0 
-2.3996 -0.00865836 -0.00322907 0 
-2.3956 -0.00873004 -0.00311649 0 
-2.39159 -0.00880216 -0.00300229 0 
-2.38759 -0.00887473 -0.00288651 0 
-2.38359 -0.00894774 -0.0027692 0 
-2.37959 -0.0090212 -0.0026504 0 
-2.37558 -0.00909511 -0.00253015 0 
-2.37158 -0.00916947 -0.00240849 0 
-2.36758 -0.00924427 -0.00228546 0 
-2.36358 -0.00931952 -0.00216111 0 
-2.35957 -0.00939522 -0.00203547 0 
-2.35557 -0.00947137 -0.0019086 0 
-2.35157 -0.00954797 -0.00178053 0 
-2.34757 -0.00962502 -0.0016513 0 
-2.34356 -0.00970252 -0.00152096 0 
-2.33956 -0.00978047 -0.00138955 0 
-2.33556 -0.00985887 -0.00125711 0 
-2.33155 -0.00993772 -0.00112369 0 
-2.32755 -0.010017 -0.000989323 0 
-2.32355 -0.0100968 -0.000854061 0 
-2.31955 -0.010177 -0.000717946 0 
-2.31554 -0.0102576 -0.000581019 0 
-2.31154 -0.0103388 -0.000443323 0 
-2.30754 -0.0104203 -0.000304904 0 
-2.30354 -0.0105023 -0.000165803 0 
-2.29953 -0.0105848 -2.60642e-05 0 
-2.29553 -0.0106677 0.000114268 0 
-2.29153 -0.0107511 0.000255151 0 
-2.28753 -0.0108349 0.000396541 0 
-2.28352 -0.0109191 0.000538394 0 
-2.27952 -0.0110038 0.000680666 0 
-2.27552 -0.011089 0.000823314 0 
-2.27151 -0.0111746 0.000966294 0 
-2.26751 -0.0112606 0.00110956 0 
-2.26351 -0.0113471 0.00125307 0 
-2.25951 -0.0114341 0.00139679 0 
-2.2555 -0.0115215 0.00154066 0 
-2.2515 -0.0116093 0.00168464 0 
-2.2475 -0.0116976 0.00182869 0 
-2.2435 -0.0117863 0.00197277 0 
-2.23949 -0.0118755 0.00211683 0 
-2.23549 -0.0119651 0.00226083 0 
-2.23149 -0.0120551 0.00240473 0 
-2.22748 -0.0121456 0.00254848 0 
-2.22348 -0.0122365 0.00269203 0 
-2.21948 -0.0123278 0.00283535 0 
-2.21548 -0.0124196 0.00297839 0 
-2.21147 -0.0125118 0.00312111 0 
-2.20747 -0.0126045 0.00326347 0 
-2.20347 -0.0126975 0.00340542 0 
-2.19947 -0.012791 0.00354691 0 
-2.19546 -0.0128849 0.00368792 0 
-2.19146 -0.0129793 0.00382838 0 
-2.18746 -0.0130741 0.00396827 0 
-2.18346 -0.0131692 0.00410754 0 
-2.17945 -0.0132648 0.00424614 0 
-2.17545 -0.0133609 0.00438404 0 
-2.17145 -0.0134573 0.00452118 0 
-2.16744 -0.0135541 0.00465754 0 
-2.16344 -0.0136514 0.00479307 0 
-2.15944 -0.013749 0.00492772 0 
-2.15544 -0.0138471 0.00506145 0 
-2.15143 -0.0139456 0.00519423 0 
-2.14743 -0.0140444 0.00532601 0 
-2.14343 -0.0141437 0.00545676 0 
-2.13943 -0.0142433 0.00558642 0 
-2.13542 -0.0143433 0.00571496 0 
-2.13142 -0.0144438 0.00584234 0 
-2.12742 -0.0145446 0.00596852 0 
-2.12342 -0.0146457 0.00609346 0 
-2.11941 -0.0147473 0.00621712 0 
-2.11541 -0.0148492 0.00633945 0 
-2.11141 -0.0149515 0.00646043 0 
-2.1074 -0.0150542 0.00658001 0 
-2.1034 -0.0151572 0.00669815 0 
-2.0994 -0.0152606 0.00681481 0 
-2.0954 -0.0153643 0.00692996 0 
-2.09139 -0.0154684 0.00704355 0 
-2.08739 -0.0155728 0.00715555 0 
-2.08339 -0.0156776 0.00726592 0 
-2.07939 -0.0157827 0.00737463 0 
-2.07538 -0.0158881 0.00748163 0 
-2.07138 -0.0159939 0.00758689 0 
-2.06738 -0.0161 0.00769038 0 
-2.06338 -0.0162064 0.00779205 0 
-2.05937 -0.0163131 0.00789188 0 
-2.05537 -0.0164201 0.00798981 0 
-2.05137 -0.0165275 0.00808583 0 
-2.04736 -0.0166351 0.0081799 0 
-2.04336 -0.016743 0.00827197 0 
-2.03936 -0.0168512 0.00836202 0 
-2.03536 -0.0169597 0.00845001 0 
-2.03135 -0.0170685 0.00853591 0 
-2.02735 -0.0171775 0.00861969 0 
-2.02335 -0.0172868 0.0087013 0 
-2.01935 -0.0173964 0.00878073 0 
-2.01534 -0.0175062 0.00885793 0 
-2.01134 -0.0176162 0.00893288 0 
-2.00734 -0.0177265 0.00900555 0 
-2.00334 -0.017837 0.00907589 0 
-1.99933 -0.0179478 0.00914389 0 
-1.99533 -0.0180587 0.00920951 0 
-1.99133 -0.0181699 0.00927273 0 
-1.98732 -0.0182813 0.0093335 0 
-1.98332 -0.0183928 0.00939181 0 
-1.97932 -0.0185046 0.00944762 0 
-1.97532 -0.0186165 0.00950091 0 
-1.97131 -0.0187287 0.00955165 0 
-1.96731 -0.0188409 0.00959981 0 
-1.96331 -0.0189534 0.00964536 0 
-1.95931 -0.019066 0.00968828 0 
-1.9553 -0.0191787 0.00972855 0 
-1.9513 -0.0192916 0.00976613 0 
-1.9473 -0.0194045 0.009801 0 
-1.9433 -0.0195176 0.00983313 0 
-1.93929 -0.0196308 0.00986251 0 
-1.93529 -0.0197441 0.00988911 0 
-1.93129 -0.0198575 0.0099129 0 
-1.92728 -0.019971 0.00993386 0 
-1.92328 -0.0200845 0.00995198 0 
-1.91928 -0.0201981 0.00996722 0 
-1.91528 -0.0203118 0.00997957 0 
-1.91127 -0.0204255 0.009989 0 
-1.90727 -0.0205392 0.00999551 0 
-1.90327 -0.0206529 0.00999905 0 
-1.89927 -0.0207666 0.00999963 0 
-1.89526 -0.0208804 0.00999721 0 
-1.89126 -0.0209941 0.00999178 0 
-1.88726 -0.0211078 0.00998333 0 
-1.88326 -0.0212214 0.00997183 0 
-1.87925 -0.0213351 0.00995727 0 
-1.87525 -0.0214486 0.00993964 0 
-1.87125 -0.0215621 0.00991891 0 
-1.86724 -0.0216755 0.00989507 0 
-1.86324 -0.0217888 0.00986812 0 
-1.85924 -0.021902 0.00983802 0 
-1.85524 -0.022015 0.00980478 0 
-1.85123 -0.022128 0.00976838 0 
-1.84723 -0.0222408 0.00972881 0 
-1.84323 -0.0223534 0.00968605 0 
-1.83923 -0.0224658 0.00964009 0 
-1.83522 -0.0225781 0.00959093 0 
-1.83122 -0.0226902 0.00953856 0 
-1.82722 -0.022802 0.00948296 0 
-1.82322 -0.0229137 0.00942413 0 
-1.81921 -0.023025 0.00936207 0 
-1.81521 -0.0231362 0.00929675 0 
-1.81121 -0.023247 0.00922818 0 
-1.8072 -0.0233576 0.00915635 0 
-1.8032 -0.0234678 0.00908126 0 
-1.7992 -0.0235778 0.0090029 0 
-1.7952 -0.0236874 0.00892126 0 
-1.79119 -0.0237966 0.00883635 0 
-1.78719 -0.0239055 0.00874816 0 
-1.78319 -0.024014 0.00865669 0 
-1.77919 -0.0241222 0.00856194 0 
-1.77518 -0.0242299 0.0084639 0 
-1.77118 -0.0243371 0.00836258 0 
-1.76718 -0.0244439 0.00825798 0 
-1.76318 -0.0245503 0.0081501 0 
-1.75917 -0.0246561 0.00803894 0 
-1.75517 -0.0247615 0.00792451 0 
-1.75117 -0.0248663 0.0078068 0 
-1.74716 -0.0249706 0.00768582 0 
-1.74316 -0.0250744 0.00756158 0 
-1.73916 -0.0251775 0.00743408 0 
-1.73516 -0.0252801 0.00730333 0 
-1.73115 -0.025382 0.00716933 0 
-1.72715 -0.0254834 0.0070321 0 
-1.72315 -0.025584 0.00689164 0 
-1.71915 -0.025684 0.00674796 0 
-1.71514 -0.0257833 0.00660106 0 
-1.71114 -0.0258819 0.00645097 0 
-1.70714 -0.0259797 0.00629769 0 
-1.70314 -0.0260768 0.00614123 0 
-1.69913 -0.0261731 0.00598161 0 
-1.69513 -0.0262686 0.00581884 0 
-1.69113 -0.0263633 0.00565293 0 
-1.68712 -0.0264571 0.0054839 0 
-1.68312 -0.0265501 0.00531177 0 
-1.67912 -0.0266421 0.00513654 0 
-1.67512 -0.0267333 0.00495824 0 
-1.67111 -0.0268235 0.00477689 0 
-1.66711 -0.0269128 0.0045925 0 
-1.66311 -0.0270011 0.0044051 0 
-1.65911 -0.0270883 0.00421469 0 
-1.6551 -0.0271746 0.00402132 0 
-1.6511 -0.0272597 0.00382499 0 
-1.6471 -0.0273438 0.00362573 0 
-1.6431 -0.0274268 0.00342356 0 
-1.63909 -0.0275087 0.0032185 0 
-1.63509 -0.0275894 0.00301059 0 
-1.63109 -0.0276689 0.00279984 0 
-1.62708 -0.0277472 0.00258629 0 
-1.62308 -0.0278243 0.00236996 0 
-1.61908 -0.0279001 0.00215087 0 
-1.61508 -0.0279746 0.00192906 0 
-1.61107 -0.0280478 0.00170455 0 
-1.60707 -0.0281197 0.00147739 0 
-1.60307 -0.0281901 0.00124759 0 
-1.59907 -0.0282592 0.00101518 0 
-1.59506 -0.0283268 0.000780215 0 
-1.59106 -0.028393 0.00054271 0 
-1.58706 -0.0284577 0.000302705 0 
-1.58306 -0.0285208 6.02343e-05 0 
-1.57905 -0.0285824 -0.000184666 0 
-1.57505 -0.0286425 -0.000431959 0 
-1.57105 -0.0287009 -0.000681607 0 
-1.56704 -0.0287577 -0.000933572 0 
-1.56304 -0.0288128 -0.00118782 0 
-1.55904 -0.0288662 -0.0014443 0 
-1.55504 -0.0289178 -0.00170297 0 
-1.55103 -0.0289677 -0.00196381 0 
-1.54703 -0.0290158 -0.00222676 0 
-1.54303 -0.029062 -0.00249177 0 
-1.53903 -0.0291064 -0.00275882 0 
-1.53502 -0.0291489 -0.00302784 0 
-1.53102 -0.0291894 -0.0032988 0 
-1.52702 -0.029228 -0.00357165 0 
-1.52302 -0.0292646 -0.00384634 0 
-1.51901 -0.0292991 -0.00412283 0 
-1.51501 -0.0293316 -0.00440106 0 
-1.51101 -0.0293619 -0.00468099 0 
-1.507 -0.0293901 -0.00496256 0 
-1.503 -0.0294161 -0.00524572 0 
-1.499 -0.0294399 -0.00553042 0 
-1.495 -0.0294615 -0.00581661 0 
-1.49099 -0.0294807 -0.00610424 0 
-1.48699 -0.0294976 -0.00639324 0 
-1.48299 -0.0295122 -0.00668357 0 
-1.47899 -0.0295243 -0.00697517 0 
-1.47498 -0.029534 -0.00726797 0 
-1.47098 -0.0295412 -0.00756193 0 
-1.46698 -0.0295459 -0.00785698 0 
-1.46298 -0.029548 -0.00815307 0 
-1.45897 -0.0295475 -0.00845012 0 
-1.45497 -0.0295444 -0.00874809 0 
-1.45097 -0.0295386 -0.00904691 0 
-1.44696 -0.02953 -0.00934652 0 
-1.44296 -0.0295187 -0.00964684 0 
-1.43896 -0.0295046 -0.00994783 0 
-1.43496 -0.0294876 -0.0102494 0 
-1.43095 -0.0294677 -0.0105515 0 
-1.42695 -0.0294449 -0.0108541 0 
-1.42295 -0.0294191 -0.011157 0 
-1.41895 -0.0293903 -0.0114603 0 
-1.41494 -0.0293584 -0.0117638 0 
-1.41094 -0.0293234 -0.0120675 0 
-1.40694 -0.0292853 -0.0123714 0 
-1.40294 -0.0292439 -0.0126752 0 
-1.39893 -0.0291993 -0.0129791 0 
-1.39493 -0.0291514 -0.0132828 0 
-1.39093 -0.0291001 -0.0135863 0 
-1.38692 -0.0290455 -0.0138896 0 
-1.38292 -0.0289874 -0.0141926 0 
-1.37892 -0.0289258 -0.0144951 0 
-1.37492 -0.0288607 -0.0147971 0 
-1.37091 -0.028792 -0.0150986 0 
-1.36691 -0.0287197 -0.0153995 0 
-1.36291 -0.0286437 -0.0156996 0 
-1.35891 -0.028564 -0.0159989 0 
-1.3549 -0.0284805 -0.0162973 0 
-1.3509 -0.0283932 -0.0165947 0 
-1.3469 -0.028302 -0.0168911 0 
-1.3429 -0.0282069 -0.0171864 0 
-1.33889 -0.0281078 -0.0174804 0 
-1.33489 -0.0280046 -0.0177731 0 
-1.33089 -0.0278974 -0.0180645 0 
-1.32688 -0.027786 -0.0183543 0 
-1.32288 -0.0276705 -0.0186426 0 
-1.31888 -0.0275507 -0.0189292 0 
-1.31488 -0.0274266 -0.019214 0 
-1.31087 -0.0272981 -0.0194971 0 
-1.30687 -0.0271653 -0.0197782 0 
-1.30287 -0.027028 -0.0200572 0 
-1.29887 -0.0268861 -0.0203342 0 
-1.29486 -0.0267397 -0.0206089 0 
-1.29086 -0.0265887 -0.0208814 0 
-1.28686 -0.026433 -0.0211514 0 
-1.28286 -0.0262726 -0.0214189 0 
-1.27885 -0.0261073 -0.0216839 0 
-1.27485 -0.0259372 -0.0219462 0 
-1.27085 -0.0257622 -0.0222057 0 
-1.26684 -0.0255822 -0.0224623 0 
-1.26284 -0.0253972 -0.0227159 0 
-1.25884 -0.025207 -0.0229664 0 
-1.25484 -0.0250118 -0.0232138 0 
-1.25083 -0.0248113 -0.0234578 0 
-1.24683 -0.0246056 -0.0236985 0 
-1.24283 -0.0243945 -0.0239357 0 
-1.23883 -0.024178 -0.0241693 0 
-1.23482 -0.0239561 -0.0243992 0 
-1.23082 -0.0237287 -0.0246252 0 
-1.22682 -0.0234957 -0.0248474 0 
-1.22282 -0.023257 -0.0250656 0 
-1.21881 -0.0230126 -0.0252796 0 
-1.21481 -0.0227625 -0.0254894 0 
-1.21081 -0.0225066 -0.0256949 0 
-1.2068 -0.0222447 -0.0258959 0 
-1.2028 -0.0219769 -0.0260923 0 
-1.1988 -0.0217031 -0.0262841 0 
-1.1948 -0.0214231 -0.0264711 0 
-1.19079 -0.0211371 -0.0266532 0 
-1.18679 -0.0208448 -0.0268304 0 
-1.18279 -0.0205462 -0.0270023 0 
-1.17879 -0.0202412 -0.0271691 0 
-1.17478 -0.0199299 -0.0273305 0 
-1.17078 -0.019612 -0.0274865 0 
-1.16678 -0.0192876 -0.0276368 0 
-1.16278 -0.0189565 -0.0277815 0 
-1.15877 -0.0186188 -0.0279204 0 
-1.15477 -0.0182743 -0.0280533 0 
-1.15077 -0.0179229 -0.0281802 0 
-1.14676 -0.0175647 -0.028301 0 
-1.14276 -0.0171995 -0.0284154 0 
-1.13876 -0.0168272 -0.0285235 0 
-1.13476 -0.0164478 -0.028625 0 
-1.13075 -0.0160613 -0.0287199 0 
-1.12675 -0.0156674 -0.028808 0 
-1.12275 -0.0152663 -0.0288893 0 
-1.11875 -0.0148577 -0.0289635 0 
-1.11474 -0.0144417 -0.0290306 0 
-1.11074 -0.0140181 -0.0290905 0 
-1.10674 -0.0135869 -0.0291429 0 
-1.10274 -0.013148 -0.0291879 0 
-1.09873 -0.0127013 -0.0292252 0 
-1.09473 -0.0122468 -0.0292548 0 
-1.09073 -0.0117843 -0.0292765 0 
-1.08672 -0.0113139 -0.0292902 0 
-1.08272 -0.0108354 -0.0292958 0 
-1.07872 -0.0103487 -0.0292931 0 
-1.07472 -0.00985383 -0.029282 0 
-1.07071 -0.00935065 -0.0292624 0 
-1.06671 -0.00883909 -0.0292341 0 
-1.06271 -0.00831908 -0.0291971 0 
-1.05871 -0.00779054 -0.0291512 0 
-1.0547 -0.00725339 -0.0290963 0 
-1.0507 -0.00670755 -0.0290321 0 
-1.0467 -0.00615295 -0.0289587 0 
-1.0427 -0.0055895 -0.0288759 0 
-1.03869 -0.00501713 -0.0287835 0 
-1.03469 -0.00443576 -0.0286814 0 
-1.03069 -0.00384531 -0.0285695 0 
-1.02668 -0.00324569 -0.0284477 0 
-1.02268 -0.00263683 -0.0283157 0 
-1.01868 -0.00201865 -0.0281736 0 
-1.01468 -0.00139107 -0.0280211 0 
-1.01067 -0.000754001 -0.0278581 0 
-1.00667 -0.000107367 -0.0276845 0 
-1.00267 0.000548914 -0.0275001 0 
-0.998666 0.00121492 -0.0273048 0 
-0.994663 0.00189075 -0.0270986 0 
-0.99066 0.00257646 -0.0268811 0 
-0.986658 0.00327215 -0.0266524 0 
-0.982655 0.00397791 -0.0264122 0 
-0.978652 0.0046938 -0.0261605 0 
-0.97465 0.00541992 -0.0258971 0 
-0.970647 0.00615635 -0.0256218 0 
-0.966644 0.00690317 -0.0253346 0 
-0.962642 0.00766047 -0.0250352 0 
-0.958639 0.00842833 -0.0247236 0 
-0.954636 0.00920684 -0.0243997 0 
-0.950634 0.00999608 -0.0240632 0 
-0.946631 0.0107961 -0.023714 0 
-0.942628 0.0116071 -0.023352 0 
-0.938626 0.012429 -0.0229772 0 
-0.934623 0.013262 -0.0225892 0 
-0.93062 0.0141062 -0.022188 0 
-0.926618 0.0149616 -0.0217735 0 
-0.922615 0.0158284 -0.0213455 0 
-0.918612 0.0167065 -0.0209039 0 
-0.91461 0.0175962 -0.0204486 0 
-0.910607 0.0184974 -0.0199793 0 
-0.906604 0.0194104 -0.019496 0 
-0.902602 0.020335 -0.0189985 0 
-0.898599 0.0212716 -0.0184867 0 
-0.894596 0.0222201 -0.0179605 0 
-0.890594 0.0231806 -0.0174197 0 
-0.886591 0.0241532 -0.0168641 0 
-0.882588 0.025138 -0.0162937 0 
-0.878586 0.0261351 -0.0157083 0 
-0.874583 0.0271445 -0.0151078 0 
-0.87058 0.0281665 -0.014492 0 
-0.866578 0.029201 -0.0138608 0 
-0.862575 0.0302481 -0.013214 0 
-0.858572 0.0313079 -0.0125515 0 
-0.85457 0.0323806 -0.0118733 0 
-0.850567 0.0334661 -0.011179 0 
-0.846564 0.0345647 -0.0104687 0 
-0.842562 0.0356763 -0.00974216 0 
-0.838559 0.0368011 -0.00899924 0 
-0.834556 0.0379392 -0.00823981 0 
-0.830554 0.0390906 -0.00746375 0 
-0.826551 0.0402554 -0.00667091 0 
-0.822548 0.0414338 -0.00586116 0 
-0.818546 0.0426257 -0.00503437 0 
-0.814543 0.0438314 -0.0041904 0 
-0.81054 0.0450509 -0.00332912 0 
-0.806538 0.0462842 -0.00245039 0 
-0.802535 0.0475315 -0.00155408 0 
-0.798532 0.0487928 -0.000640061 0 
-0.79453 0.0500683 0.000291805 0 
-0.790527 0.051358 0.00124165 0 
-0.786524 0.0526621 0.0022096 0 
-0.782522 0.0539805 0.0031958 0 
-0.778519 0.0553134 0.00420037 0 
-0.774516 0.0566609 0.00522344 0 
-0.770514 0.0580231 0.00626514 0 
-0.766511 0.0594001 0.00732561 0 
-0.762508 0.0607918 0.00840497 0 
-0.758506 0.0621986 0.00950335 0 
-0.754503 0.0636203 0.0106209 0 
-0.7505 0.0650572 0.0117577 0 
-0.746498 0.0665092 0.0129139 0 
-0.742495 0.0679765 0.0140897 0 
-0.738492 0.0694592 0.0152851 0 
-0.73449 0.0709574 0.0165002 0 
-0.730487 0.072471 0.0177353 0 
-0.726484 0.0740004 0.0189905 0 
-0.722482 0.0755454 0.0202657 0 
-0.718479 0.0771062 0.0215613 0 
-0.714476 0.0786829 0.0228772 0 
-0.710474 0.0802756 0.0242137 0 
-0.706471 0.0818844 0.0255708 0 
-0.702468 0.0835093 0.0269487 0 
-0.698466 0.0851504 0.0283475 0 
-0.694463 0.0868078 0.0297672 0 
-0.69046 0.0884816 0.0312081 0 
-0.686458 0.0901719 0.0326702 0 
-0.682455 0.0918788 0.0341537 0 
-0.678452 0.0936023 0.0356586 0 
-0.67445 0.0953425 0.0371851 0 
-0.670447 0.0970995 0.0387333 0 
-0.666444 0.0988734 0.0403033 0 
-0.662442 0.100664 0.0418952 0 
-0.658439 0.102472 0.0435092 0 
-0.654436 0.104297 0.0451452 0 
-0.650434 0.10614 0.0468036 0 
-0.646431 0.107999 0.0484843 0 
-0.642428 0.109876 0.0501874 0 
-0.638426 0.111771 0.0519131 0 
-0.634423 0.113683 0.0536615 0 
-0.63042 0.115612 0.0554326 0 
-0.626418 0.11756 0.0572267 0 
-0.622415 0.119525 0.0590437 0 
-0.618412 0.121508 0.0608838 0 
-0.61441 0.123508 0.0627471 0 
-0.610407 0.125527 0.0646336 0 
-0.606404 0.127564 0.0665436 0 
-0.602402 0.129619 0.068477 0 
-0.598399 0.131692 0.0704339 0 
-0.594396 0.133784 0.0724146 0 
-0.590394 0.135894 0.074419 0 
-0.586391 0.138022 0.0764472 0 
-0.582388 0.140169 0.0784993 0 
-0.578386 0.142334 0.0805755 0 
-0.574383 0.144519 0.0826758 0 
-0.57038 0.146721 0.0848003 0 
-0.566378 0.148943 0.0869491 0 
-0.562375 0.151184 0.0891222 0 
-0.558372 0.153443 0.0913198 0 
-0.55437 0.155721 0.0935419 0 
-0.550367 0.158019 0.0957886 0 
-0.546364 0.160336 0.09806 0 
-0.542362 0.162671 0.100356 0 
-0.538359 0.165026 0.102677 0 
-0.534356 0.167401 0.105023 0 
-0.530354 0.169795 0.107394 0 
-0.526351 0.172208 0.10979 0 
-0.522348 0.174641 0.112211 0 
-0.518346 0.177093 0.114657 0 
-0.514343 0.179565 0.117129 0 
-0.51034 0.182056 0.119626 0 
-0.506338 0.184568 0.122148 0 
-0.502335 0.187099 0.124695 0 
-0.498332 0.18965 0.127269 0 
-0.49433 0.192221 0.129867 0 
-0.490327 0.194812 0.132492 0 
-0.486324 0.197423 0.135142 0 
-0.482322 0.200054 0.137817 0 
-0.478319 0.202705 0.140519 0 
-0.474316 0.205376 0.143246 0 
-0.470314 0.208068 0.145999 0 
-0.466311 0.21078 0.148778 0 
-0.462308 0.213512 0.151584 0 
-0.458306 0.216264 0.154415 0 
-0.454303 0.219037 0.157272 0 
-0.4503 0.221831 0.160155 0 
-0.446298 0.224645 0.163064 0 
-0.442295 0.227479 0.166 0 
-0.438292 0.230334 0.168961 0 
-0.43429 0.23321 0.171949 0 
-0.430287 0.236106 0.174964 0 
-0.426284 0.239023 0.178004 0 
-0.422282 0.241961 0.181071 0 
-0.418279 0.244919 0.184164 0 
-0.414276 0.247898 0.187283 0 
-0.410274 0.250899 0.190429 0 
-0.406271 0.25392 0.193601 0 
-0.402268 0.256961 0.1968 0 
-0.398266 0.260024 0.200025 0 
-0.394263 0.263108 0.203276 0 
-0.39026 0.266213 0.206554 0 
-0.386258 0.269338 0.209858 0 
-0.382255 0.272485 0.213189 0 
-0.378252 0.275653 0.216546 0 
-0.374249 0.278842 0.21993 0 
-0.370247 0.282052 0.22334 0 
-0.366244 0.285283 0.226776 0 
-0.362241 0.288535 0.230239 0 
-0.358239 0.291809 0.233729 0 
-0.354236 0.295103 0.237245 0 
-0.350233 0.298419 0.240787 0 
-0.346231 0.301755 0.244356 0 
-0.342228 0.305113 0.247951 0 
-0.338225 0.308493 0.251572 0 
-0.334223 0.311893 0.25522 0 
-0.33022 0.315315 0.258894 0 
-0.326217 0.318758 0.262594 0 
-0.322215 0.322222 0.266321 0 
-0.318212 0.325707 0.270074 0 
-0.314209 0.329213 0.273853 0 
-0.310207 0.332741 0.277658 0 
-0.306204 0.33629 0.281489 0 
-0.302201 0.33986 0.285347 0 
-0.298199 0.343451 0.28923 0 
-0.294196 0.347063 0.293139 0 
-0.290193 0.350697 0.297075 0 
-0.286191 0.354351 0.301036 0 
-0.282188 0.358027 0.305023 0 
-0.278185 0.361724 0.309036 0 
-0.274183 0.365442 0.313075 0 
-0.27018 0.369181 0.317139 0 
-0.266177 0.372941 0.321229 0 
-0.262175 0.376723 0.325345 0 
-0.258172 0.380525 0.329486 0 
-0.254169 0.384348 0.333652 0 
-0.250167 0.388192 0.337844 0 
-0.246164 0.392057 0.342061 0 
-0.242161 0.395943 0.346303 0 
-0.238159 0.39985 0.350571 0 
-0.234156 0.403777 0.354863 0 
-0.230153 0.407726 0.35918 0 
-0.226151 0.411695 0.363523 0 
-0.222148 0.415684 0.367889 0 
-0.218145 0.419695 0.372281 0 
-0.214143 0.423726 0.376697 0 
-0.21014 0.427777 0.381138 0 
-0.206137 0.431849 0.385603 0 
-0.202135 0.435942 0.390092 0 
-0.198132 0.440055 0.394606 0 
-0.194129 0.444188 0.399143 0 
-0.190127 0.448341 0.403705 0 
-0.186124 0.452515 0.40829 0 
-0.182121 0.456709 0.412899 0 
-0.178119 0.460923 0.417531 0 
-0.174116 0.465157 0.422187 0 
-0.170113 0.46941 0.426867 0 
-0.166111 0.473684 0.431569 0 
-0.162108 0.477978 0.436295 0 
-0.158105 0.482291 0.441044 0 
-0.154103 0.486624 0.445815 0 
-0.1501 0.490976 0.450609 0 
-0.146097 0.495348 0.455426 0 
-0.142095 0.499739 0.460265 0 
-0.138092 0.50415 0.465126 0 
-0.134089 0.50858 0.47001 0 
-0.130087 0.513029 0.474915 0 
-0.126084 0.517497 0.479842 0 
-0.122081 0.521983 0.484791 0 
-0.118079 0.526489 0.489761 0 
-0.114076 0.531014 0.494752 0 
-0.110073 0.535557 0.499765 0 
-0.106071 0.540118 0.504798 0 
-0.102068 0.544698 0.509853 0 
-0.0980654 0.549296 0.514928 0 
-0.0940627 0.553913 0.520023 0 
-0.09006 0.558547 0.525139 0 
-0.0860574 0.5632 0.530274 0 
-0.0820547 0.56787 0.53543 0 
-0.078052 0.572558 0.540605 0 
-0.0740494 0.577264 0.5458 0 
-0.0700467 0.581987 0.551014 0 
-0.066044 0.586727 0.556247 0 
-0.0620414 0.591485 0.561499 0 
-0.0580387 0.596259 0.56677 0 
-0.054036 0.601051 0.572059 0 
-0.0500334 0.605859 0.577367 0 
-0.0460307 0.610684 0.582692 0 
-0.042028 0.615525 0.588036 0 
-0.0380254 0.620383 0.593397 0 
-0.0340227 0.625257 0.598775 0 
-0.03002 0.630147 0.604171 0 
-0.0260173 0.635053 0.609584 0 
-0.0220147 0.639974 0.615013 0 
-0.018012 0.644912 0.620459 0 
-0.0140093 0.649864 0.625921 0 
-0.0100067 0.654832 0.631399 0 
-0.006004 0.659814 0.636893 0 
-0.00200133 0.664812 0.642403 0 
0.00200133 0.669824 0.647928 1.002 
0.006004 0.674851 0.653467 1.006 
0.0100067 0.679893 0.659022 1.01001 
0.0140093 0.684948 0.664591 1.01401 
0.018012 0.690017 0.670175 1.01801 
0.0220147 0.6951 0.675772 1.02201 
0.0260173 0.700197 0.681383 1.02601 
0.03002 0.705307 0.687008 1.03001 
0.0340227 0.710431 0.692646 1.03401 
0.0380254 0.715567 0.698297 1.03801 
0.042028 0.720716 0.70396 1.042 
0.0460307 0.725878 0.709636 1.046 
0.0500334 0.731052 0.715325 1.04999 
0.054036 0.736239 0.721024 1.05398 
0.0580387 0.741437 0.726736 1.05797 
0.0620414 0.746647 0.732459 1.06196 
0.066044 0.751869 0.738192 1.06594 
0.0700467 0.757102 0.743937 1.06993 
0.0740494 0.762346 0.749692 1.07391 
0.078052 0.767601 0.755456 1.07789 
0.0820547 0.772867 0.761231 1.08186 
0.0860574 0.778143 0.767015 1.08584 
0.09006 0.783429 0.772809 1.08981 
0.0940627 0.788725 0.778611 1.09377 
0.0980654 0.794031 0.784421 1.09774 
0.102068 0.799346 0.79024 1.1017 
0.106071 0.804671 0.796067 1.10565 
0.110073 0.810004 0.801902 1.1096 
0.114076 0.815346 0.807743 1.11355 
0.118079 0.820697 0.813592 1.1175 
0.122081 0.826056 0.819447 1.12144 
0.126084 0.831422 0.825309 1.12537 
0.130087 0.836797 0.831177 1.1293 
0.134089 0.842179 0.83705 1.13323 
0.138092 0.847568 0.842928 1.13715 
0.142095 0.852964 0.848812 1.14107 
0.146097 0.858366 0.8547 1.14498 
0.1501 0.863775 0.860592 1.14889 
0.154103 0.86919 0.866488 1.15279 
0.158105 0.87461 0.872388 1.15668 
0.162108 0.880036 0.878291 1.16057 
0.166111 0.885467 0.884197 1.16445 
0.170113 0.890903 0.890105 1.16833 
0.174116 0.896344 0.896015 1.1722 
0.178119 0.901789 0.901928 1.17606 
0.182121 0.907238 0.907841 1.17992 
0.186124 0.912691 0.913756 1.18377 
0.190127 0.918147 0.919671 1.18761 
0.194129 0.923606 0.925587 1.19144 
0.198132 0.929068 0.931502 1.19527 
0.202135 0.934533 0.937417 1.19909 
0.206137 0.939999 0.943332 1.2029 
0.21014 0.945468 0.949245 1.20671 
0.214143 0.950938 0.955156 1.2105 
0.218145 0.956409 0.961066 1.21429 
0.222148 0.961881 0.966973 1.21807 
0.226151 0.967353 0.972877 1.22184 
0.230153 0.972826 0.978778 1.2256 
0.234156 0.978298 0.984676 1.22935 
0.238159 0.983771 0.99057 1.23309 
0.242161 0.989242 0.996459 1.23683 
0.246164 0.994712 1.00234 1.24055 
0.250167 1.00018 1.00822 1.24426 
0.254169 1.00565 1.0141 1.24797 
0.258172 1.01111 1.01997 1.25166 
0.262175 1.01657 1.02583 1.25534 
0.266177 1.02203 1.03168 1.25901 
0.27018 1.02749 1.03753 1.26267 
0.274183 1.03294 1.04337 1.26632 
0.278185 1.03839 1.0492 1.26996 
0.282188 1.04383 1.05503 1.27358 
0.286191 1.04927 1.06084 1.2772 
0.290193 1.05471 1.06665 1.2808 
0.294196 1.06013 1.07244 1.28439 
0.298199 1.06556 1.07823 1.28796 
0.302201 1.07097 1.084 1.29153 
0.306204 1.07638 1.08977 1.29508 
0.310207 1.08179 1.09552 1.29862 
0.314209 1.08718 1.10126 1.30214 
0.318212 1.09257 1.10699 1.30565 
0.322215 1.09795 1.11271 1.30915 
0.326217 1.10332 1.11841 1.31264 
0.33022 1.10868 1.1241 1.31611 
0.334223 1.11403 1.12978 1.31956 
0.338225 1.11938 1.13544 1.323 
0.342228 1.12471 1.14108 1.32643 
0.346231 1.13003 1.14671 1.32984 
0.350233 1.13534 1.15233 1.33323 
0.354236 1.14064 1.15793 1.33661 
0.358239 1.14593 1.16351 1.33997 
0.362241 1.15121 1.16908 1.34332 
0.366244 1.15647 1.17462 1.34665 
0.370247 1.16172 1.18015 1.34997 
0.374249 1.16696 1.18566 1.35326 
0.378252 1.17218 1.19116 1.35654 
0.382255 1.17739 1.19663 1.35981 
0.386258 1.18258 1.20208 1.36305 
0.39026 1.18776 1.20751 1.36628 
0.394263 1.19292 1.21293 1.36949 
0.398266 1.19807 1.21832 1.37268 
0.402268 1.2032 1.22368 1.37586 
0.406271 1.20831 1.22903 1.37901 
0.410274 1.21341 1.23436 1.38215 
0.414276 1.21848 1.23966 1.38526 
0.418279 1.22354 1.24493 1.38836 
0.422282 1.22859 1.25019 1.39144 
0.426284 1.23361 1.25542 1.39449 
0.430287 1.23861 1.26062 1.39753 
0.43429 1.24359 1.2658 1.40055 
0.438292 1.24855 1.27095 1.40354 
0.442295 1.25349 1.27608 1.40652 
0.446298 1.25841 1.28118 1.40947 
0.4503 1.26331 1.28625 1.4124 
0.454303 1.26818 1.29129 1.41531 
0.458306 1.27304 1.29631 1.4182 
0.462308 1.27786 1.3013 1.42106 
0.466311 1.28267 1.30626 1.4239 
0.470314 1.28745 1.31118 1.42672 
0.474316 1.29221 1.31608 1.42952 
0.478319 1.29694 1.32095 1.43229 
0.482322 1.30164 1.32579 1.43504 
0.486324 1.30632 1.33059 1.43777 
0.490327 1.31097 1.33537 1.44047 
0.49433 1.3156 1.34011 1.44314 
0.498332 1.3202 1.34481 1.44579 
0.502335 1.32476 1.34949 1.44842 
0.506338 1.32931 1.35413 1.45102 
0.51034 1.33382 1.35873 1.45359 
0.514343 1.3383 1.3633 1.45614 
0.518346 1.34275 1.36784 1.45866 
0.522348 1.34717 1.37234 1.46116 
0.526351 1.35156 1.3768 1.46362 
0.530354 1.35592 1.38123 1.46607 
0.534356 1.36025 1.38561 1.46848 
0.538359 1.36455 1.38996 1.47086 
0.542362 1.36881 1.39428 1.47322 
0.546364 1.37304 1.39855 1.47555 
0.550367 1.37723 1.40278 1.47785 
0.55437 1.38139 1.40698 1.48012 
0.558372 1.38552 1.41113 1.48236 
0.562375 1.3896 1.41524 1.48458 
0.566378 1.39366 1.41932 1.48676 
0.57038 1.39767 1.42335 1.48891 
0.574383 1.40165 1.42733 1.49103 
0.578386 1.4056 1.43128 1.49312 
0.582388 1.4095 1.43518 1.49518 
0.586391 1.41337 1.43904 1.49721 
0.590394 1.41719 1.44285 1.4992 
0.594396 1.42098 1.44662 1.50117 
0.598399 1.42473 1.45035 1.5031 
0.602402 1.42844 1.45403 1.50499 
0.606404 1.4321 1.45766 1.50686 
0.610407 1.43573 1.46125 1.50869 
0.61441 1.43931 1.46479 1.51049 
0.618412 1.44285 1.46828 1.51225 
0.622415 1.44634 1.47172 1.51398 
0.626418 1.4498 1.47512 1.51567 
0.63042 1.4532 1.47846 1.51733 
0.634423 1.45657 1.48176 1.51896 
0.638426 1.45989 1.48501 1.52054 
0.642428 1.46316 1.4882 1.5221 
0.646431 1.46639 1.49135 1.52361 
0.650434 1.46957 1.49444 1.52509 
0.654436 1.4727 1.49748 1.52653 
0.658439 1.47578 1.50047 1.52793 
0.662442 1.47882 1.50341 1.5293 
0.666444 1.48181 1.5063 1.53063 
0.670447 1.48475 1.50913 1.53192 
0.67445 1.48764 1.5119 1.53317 
0.678452 1.49047 1.51462 1.53438 
0.682455 1.49326 1.51729 1.53555 
0.686458 1.496 1.5199 1.53668 
0.69046 1.49868 1.52245 1.53777 
0.694463 1.50131 1.52495 1.53882 
0.698466 1.50389 1.52739 1.53983 
0.702468 1.50642 1.52978 1.54079 
0.706471 1.50889 1.5321 1.54172 
0.710474 1.5113 1.53437 1.5426 
0.714476 1.51367 1.53658 1.54344 
0.718479 1.51597 1.53872 1.54424 
0.722482 1.51822 1.54081 1.545 
0.726484 1.52041 1.54284 1.54571 
0.730487 1.52255 1.54481 1.54638 
0.73449 1.52463 1.54672 1.547 
0.738492 1.52665 1.54856 1.54758 
0.742495 1.52861 1.55034 1.54811 
0.746498 1.53051 1.55206 1.5486 
0.7505 1.53236 1.55372 1.54904 
0.754503 1.53414 1.55531 1.54943 
0.758506 1.53586 1.55684 1.54978 
0.762508 1.53752 1.55831 1.55008 
0.766511 1.53912 1.55971 1.55034 
0.770514 1.54066 1.56104 1.55054 
0.774516 1.54213 1.56231 1.5507 
0.778519 1.54354 1.56351 1.55081 
0.782522 1.54489 1.56465 1.55087 
0.786524 1.54617 1.56572 1.55088 
0.790527 1.54739 1.56672 1.55084 
0.79453 1.54854 1.56765 1.55075 
0.798532 1.54963 1.56852 1.55061 
0.802535 1.55065 1.56931 1.55042 
0.806538 1.5516 1.57004 1.55018 
0.81054 1.55249 1.5707 1.54989 
0.814543 1.5533 1.57128 1.54954 
0.818546 1.55405 1.5718 1.54914 
0.822548 1.55473 1.57224 1.54869 
0.826551 1.55534 1.57262 1.54818 
0.830554 1.55589 1.57292 1.54762 
0.834556 1.55636 1.57315 1.54701 
0.838559 1.55676 1.5733 1.54634 
0.842562 1.55708 1.57338 1.54562 
0.846564 1.55734 1.57339 1.54484 
0.850567 1.55753 1.57333 1.54401 
0.85457 1.55764 1.57319 1.54311 
0.858572 1.55767 1.57297 1.54217 
0.862575 1.55764 1.57268 1.54116 
0.866578 1.55753 1.57232 1.5401 
0.87058 1.55734 1.57187 1.53898 
0.874583 1.55708 1.57136 1.5378 
0.878586 1.55675 1.57076 1.53656 
0.882588 1.55633 1.57009 1.53526 
0.886591 1.55585 1.56933 1.5339 
0.890594 1.55528 1.5685 1.53249 
0.894596 1.55463 1.5676 1.53101 
0.898599 1.55391 1.56661 1.52947 
0.902602 1.55311 1.56554 1.52787 
0.906604 1.55223 1.56439 1.5262 
0.910607 1.55127 1.56317 1.52448 
0.91461 1.55023 1.56186 1.52269 
0.918612 1.54911 1.56047 1.52084 
0.922615 1.54791 1.559 1.51892 
0.926618 1.54662 1.55744 1.51694 
0.93062 1.54526 1.55581 1.51489 
0.934623 1.54381 1.55409 1.51278 
0.938626 1.54228 1.55229 1.51061 
0.942628 1.54066 1.5504 1.50837 
0.946631 1.53897 1.54843 1.50606 
0.950634 1.53718 1.54638 1.50368 
0.954636 1.53532 1.54424 1.50124 
0.958639 1.53336 1.54202 1.49873 
0.962642 1.53132 1.53971 1.49615 
0.966644 1.5292 1.53731 1.4935 
0.970647 1.52699 1.53483 1.49078 
0.97465 1.52469 1.53227 1.488 
0.978652 1.5223 1.52961 1.48514 
0.982655 1.51983 1.52687 1.48221 
0.986658 1.51727 1.52404 1.47921 
0.99066 1.51462 1.52112 1.47614 
0.994663 1.51188 1.51811 1.473 
0.998666 1.50905 1.51501 1.46978 
1.00267 1.50612 1.51183 1.46649 
1.00667 1.50311 1.50855 1.46313 
1.01067 1.50001 1.50519 1.45969 
1.01468 1.49682 1.50173 1.45618 
1.01868 1.49353 1.49818 1.4526 
1.02268 1.49015 1.49455 1.44893 
1.02668 1.48668 1.49082 1.4452 
1.03069 1.48312 1.48699 1.44138 
1.03469 1.47946 1.48308 1.43749 
1.03869 1.47571 1.47907 1.43352 
1.0427 1.47186 1.47497 1.42947 
1.0467 1.46792 1.47078 1.42535 
1.0507 1.46389 1.46649 1.42114 
1.0547 1.45975 1.46211 1.41686 
1.05871 1.45553 1.45763 1.41249 
1.06271 1.4512 1.45306 1.40805 
1.06671 1.44678 1.4484 1.40352 
1.07071 1.44226 1.44363 1.39892 
1.07472 1.43764 1.43878 1.39423 
1.07872 1.43293 1.43382 1.38946 
1.08272 1.42811 1.42877 1.3846 
1.08672 1.4232 1.42362 1.37966 
1.09073 1.41819 1.41838 1.37464 
1.09473 1.41307 1.41303 1.36953 
1.09873 1.40786 1.40759 1.36434 
1.10274 1.40255 1.40205 1.35906 
1.10674 1.39713 1.39641 1.3537 
1.11074 1.39162 1.39067 1.34825 
1.11474 1.386 1.38484 1.34271 
1.11875 1.38028 1.3789 1.33708 
1.12275 1.37446 1.37286 1.33137 
1.12675 1.36853 1.36672 1.32557 
1.13075 1.36251 1.36048 1.31968 
1.13476 1.35637 1.35414 1.31369 
1.13876 1.35014 1.3477 1.30762 
1.14276 1.3438 1.34116 1.30146 
1.14676 1.33735 1.33451 1.2952 
1.15077 1.3308 1.32776 1.28886 
1.15477 1.32414 1.32091 1.28242 
1.15877 1.31738 1.31395 1.27589 
1.16278 1.31051 1.30689 1.26926 
1.16678 1.30353 1.29973 1.26254 
1.17078 1.29645 1.29246 1.25573 
1.17478 1.28926 1.28509 1.24882 
1.17879 1.28196 1.27761 1.24182 
1.18279 1.27455 1.27003 1.23471 
1.18679 1.26704 1.26234 1.22752 
1.19079 1.25941 1.25455 1.22022 
1.1948 1.25168 1.24665 1.21283 
1.1988 1.24384 1.23864 1.20534 
1.2028 1.23588 1.23052 1.19775 
1.2068 1.22782 1.2223 1.19006 
1.21081 1.21964 1.21397 1.18227 
1.21481 1.21136 1.20553 1.17438 
1.21881 1.20296 1.19698 1.16638 
1.22282 1.19445 1.18833 1.15829 
1.22682 1.18583 1.17956 1.15009 
1.23082 1.17709 1.17069 1.14179 
1.23482 1.16824 1.1617 1.13339 
1.23883 1.15928 1.15261 1.12489 
1.24283 1.15021 1.1434 1.11627 
1.24683 1.14102 1.13408 1.10756 
1.25083 1.13171 1.12466 1.09874 
1.25484 1.1223 1.11512 1.08981 
1.25884 1.11276 1.10546 1.08077 
1.26284 1.10311 1.0957 1.07163 
1.26684 1.09335 1.08582 1.06238 
1.27085 1.08347 1.07583 1.05302 
1.27485 1.07347 1.06573 1.04355 
1.27885 1.06336 1.05551 1.03398 
1.28286 1.05312 1.04518 1.02429 
1.28686 1.04277 1.03474 1.01449 
1.29086 1.03231 1.02418 1.00458 
1.29486 1.02172 1.0135 0.994559 
1.29887 1.01102 1.00271 0.984425 
1.30287 1.00019 0.991804 0.974177 
1.30687 0.989251 0.980781 0.963816 
1.31087 0.978189 0.969642 0.95334 
1.31488 0.967007 0.958386 0.94275 
1.31888 0.955704 0.947012 0.932044 
1.32288 0.94428 0.935521 0.921222 
1.32688 0.932736 0.923911 0.910283 
1.33089 0.921069 0.912184 0.899227 
1.33489 0.909281 0.900337 0.888054 
1.33889 0.897371 0.888372 0.876762 
1.3429 0.885338 0.876287 0.865351 
1.3469 0.873183 0.864082 0.853821 
1.3509 0.860904 0.851757 0.84217 
1.3549 0.848501 0.839311 0.830399 
1.35891 0.835975 0.826745 0.818506 
1.36291 0.823324 0.814057 0.806492 
1.36691 0.810549 0.801247 0.794354 
1.37091 0.797648 0.788316 0.782094 
1.37492 0.784623 0.775262 0.76971 
1.37892 0.771471 0.762085 0.757202 
1.38292 0.758193 0.748784 0.744569 
1.38692 0.744789 0.735361 0.731811 
1.39093 0.731258 0.721813 0.718926 
1.39493 0.7176 0.708141 0.705915 
1.39893 0.703814 0.694344 0.692776 
1.40294 0.6899 0.680422 0.679509 
1.40694 0.675858 0.666374 0.666114 
1.41094 0.661688 0.652201 0.65259 
1.41494 0.647388 0.637901 0.638937 
1.41895 0.632959 0.623474 0.625152 
1.42295 0.6184 0.60892 0.611237 
1.42695 0.603711 0.594239 0.597191 
1.43095 0.588891 0.57943 0.583012 
1.43496 0.573941 0.564492 0.568701 
1.43896 0.558859 0.549426 0.554256 
1.44296 0.543645 0.53423 0.539678 
1.44696 0.5283 0.518905 0.524965 
1.45097 0.512822 0.50345 0.510116 
1.45497 0.497211 0.487864 0.495132 
1.45897 0.481467 0.472148 0.480012 
1.46298 0.465589 0.4563 0.464755 
1.46698 0.449578 0.440321 0.44936 
1.47098 0.433432 0.424209 0.433827 
1.47498 0.417151 0.407965 0.418155 
1.47899 0.400735 0.391588 0.402343 
1.48299 0.384183 0.375077 0.386392 
1.48699 0.367496 0.358433 0.3703 
1.49099 0.350672 0.341654 0.354067 
1.495 0.333711 0.32474 0.337691 
1.499 0.316613 0.307692 0.321174 
1.503 0.299377 0.290507 0.304513 
1.507 0.282004 0.273187 0.287709 
1.51101 0.264492 0.25573 0.27076 
1.51501 0.246841 0.238135 0.253666 
1.51901 0.22905 0.220404 0.236427 
1.52302 0.21112 0.202534 0.219042 
1.52702 0.19305 0.184526 0.20151 
1.53102 0.174839 0.166379 0.18383 
1.53502 0.156487 0.148093 0.166003 
1.53903 0.137994 0.129667 0.148026 
1.54303 0.119359 0.111101 0.129901 
1.54703 0.100581 0.0923934 0.111626 
1.55103 0.0816608 0.0735448 0.0931998 
1.55504 0.0625971 0.0545546 0.0746229 
1.55904 0.0433898 0.035422 0.0558943 
1.56304 0.0240384 0.0161467 0.0370134 
1.56704 0.0045423 -0.00327192 0.0179795 
1.57105 -0.0150988 -0.0228343 -0.00120792 
1.57505 -0.0348855 -0.0425409 -0.0205495 
1.57905 -0.0548182 -0.0623923 -0.0400459 
1.58306 -0.0748973 -0.082389 -0.0596977 
1.58706 -0.0951234 -0.102531 -0.0795056 
1.59106 -0.115497 -0.12282 -0.0994701 
1.59506 -0.136018 -0.143256 -0.119592 
1.59907 -0.156688 -0.163839 -0.139871 
1.60307 -0.177507 -0.18457 -0.16031 
1.60707 -0.198475 -0.205449 -0.180907 
1.61107 -0.219593 -0.226477 -0.201664 
1.61508 -0.240861 -0.247655 -0.222581 
1.61908 -0.26228 -0.268983 -0.243659 
1.62308 -0.283851 -0.290461 -0.264899 
1.62708 -0.305573 -0.312091 -0.286301 
1.63109 -0.327448 -0.333872 -0.307866 
1.63509 -0.349476 -0.355805 -0.329595 
1.63909 -0.371657 -0.377891 -0.351487 
1.6431 -0.393992 -0.400131 -0.373544 
1.6471 -0.416482 -0.422524 -0.395766 
1.6511 -0.439126 -0.445072 -0.418154 
1.6551 -0.461926 -0.467775 -0.440709 
1.65911 -0.484883 -0.490634 -0.46343 
1.66311 -0.507995 -0.513648 -0.48632 
1.66711 -0.531265 -0.53682 -0.509378 
1.67111 -0.554693 -0.560149 -0.532604 
1.67512 -0.578279 -0.583636 -0.556001 
1.67912 -0.602024 -0.607281 -0.579567 
1.68312 -0.625928 -0.631086 -0.603304 
1.68712 -0.649993 -0.65505 -0.627213 
1.69113 -0.674217 -0.679174 -0.651293 
1.69513 -0.698603 -0.70346 -0.675546 
1.69913 -0.723151 -0.727907 -0.699973 
1.70314 -0.74786 -0.752516 -0.724573 
1.70714 -0.772733 -0.777288 -0.749347 
1.71114 -0.797769 -0.802223 -0.774297 
1.71514 -0.822969 -0.827323 -0.799422 
1.71915 -0.848334 -0.852587 -0.824724 
1.72315 -0.873863 -0.878016 -0.850202 
1.72715 -0.899559 -0.903611 -0.875857 
1.73115 -0.925421 -0.929373 -0.901691 
1.73516 -0.95145 -0.955302 -0.927703 
1.73916 -0.977647 -0.981398 -0.953895 
1.74316 -1.00401 -1.00766 -0.980266 
1.74716 -1.03055 -1.0341 -1.00682 
1.75117 -1.05725 -1.0607 -1.03355 
1.75517 -1.08412 -1.08748 -1.06047 
1.75917 -1.11117 -1.11442 -1.08756 
1.76318 -1.13838 -1.14154 -1.11484 
1.76718 -1.16577 -1.16883 -1.1423 
1.77118 -1.19333 -1.19629 -1.16995 
1.77518 -1.22106 -1.22393 -1.19778 
1.77919 -1.24897 -1.25174 -1.2258 
1.78319 -1.27705 -1.27972 -1.254 
1.78719 -1.30531 -1.30788 -1.28239 
1.79119 -1.33374 -1.33622 -1.31097 
1.7952 -1.36235 -1.36473 -1.33973 
1.7992 -1.39114 -1.39343 -1.36868 
1.8032 -1.42011 -1.4223 -1.39782 
1.8072 -1.44925 -1.45135 -1.42715 
1.81121 -1.47857 -1.48058 -1.45667 
1.81521 -1.50808 -1.50999 -1.48638 
1.81921 -1.53776 -1.53958 -1.51628 
1.82322 -1.56763 -1.56935 -1.54637 
1.82722 -1.59767 -1.59931 -1.57665 
1.83122 -1.6279 -1.62945 -1.60713 
1.83522 -1.65832 -1.65977 -1.6378 
1.83923 -1.68891 -1.69028 -1.66866 
1.84323 -1.71969 -1.72097 -1.69972 
1.84723 -1.75066 -1.75185 -1.73097 
1.85123 -1.78182 -1.78292 -1.76242 
1.85524 -1.81316 -1.81417 -1.79407 
1.85924 -1.84468 -1.84561 -1.82591 
1.86324 -1.8764 -1.87724 -1.85795 
1.86724 -1.90831 -1.90906 -1.89018 
1.87125 -1.9404 -1.94108 -1.92262 
1.87525 -1.97269 -1.97328 -1.95525 
1.87925 -2.00516 -2.00567 -1.98808 
1.88326 -2.03783 -2.03826 -2.02111 
1.88726 -2.07069 -2.07104 -2.05435 
1.89126 -2.10375 -2.10401 -2.08778 
1.89526 -2.13699 -2.13718 -2.12142 
1.89927 -2.17044 -2.17055 -2.15525 
1.90327 -2.20408 -2.20411 -2.18929 
1.90727 -2.23791 -2.23787 -2.22354 
1.91127 -2.27194 -2.27182 -2.25799 
1.91528 -2.30617 -2.30597 -2.29264 
1.91928 -2.3406 -2.34033 -2.32749 
1.92328 -2.37523 -2.37488 -2.36255 
1.92728 -2.41005 -2.40963 -2.39782 
1.93129 -2.44508 -2.44459 -2.43329 
1.93529 -2.48031 -2.47975 -2.46898 
1.93929 -2.51574 -2.5151 -2.50486 
1.9433 -2.55138 -2.55067 -2.54096 
1.9473 -2.58721 -2.58644 -2.57726 
1.9513 -2.62325 -2.62241 -2.61378 
1.9553 -2.6595 -2.65859 -2.6505 
1.95931 -2.69595 -2.69497 -2.68743 
1.96331 -2.73261 -2.73156 -2.72457 
1.96731 -2.76948 -2.76836 -2.76193 
1.97131 -2.80655 -2.80537 -2.79949 
1.97532 -2.84384 -2.84259 -2.83727 
1.97932 -2.88133 -2.88002 -2.87526 
1.98332 -2.91903 -2.91766 -2.91346 
1.98732 -2.95694 -2.95551 -2.95187 
1.99133 -2.99507 -2.99357 -2.9905 
1.99533 -3.03341 -3.03185 -3.02934 
1.99933 -3.07196 -3.07034 -3.0684 
2.00334 -3.11072 -3.10905 -3.10767 
2.00734 -3.1497 -3.14797 -3.14716 
2.01134 -3.18889 -3.1871 -3.18687 
2.01534 -3.2283 -3.22646 -3.22679 
2.01935 -3.26793 -3.26603 -3.26693 
2.02335 -3.30777 -3.30581 -3.30728 
2.02735 -3.34784 -3.34582 -3.34786 
2.03135 -3.38812 -3.38605 -3.38865 
2.03536 -3.42862 -3.42649 -3.42966 
2.03936 -3.46934 -3.46716 -3.47089 
2.04336 -3.51028 -3.50805 -3.51234 
2.04736 -3.55144 -3.54916 -3.55401 
2.05137 -3.59283 -3.5905 -3.5959 
2.05537 -3.63444 -3.63206 -3.63802 
2.05937 -3.67627 -3.67384 -3.68035 
2.06338 -3.71833 -3.71585 -3.72291 
2.06738 -3.76061 -3.75808 -3.76568 
2.07138 -3.80312 -3.80054 -3.80868 
2.07538 -3.84586 -3.84323 -3.85191 
2.07939 -3.88882 -3.88615 -3.89535 
2.08339 -3.93201 -3.92929 -3.93902 
2.08739 -3.97543 -3.97267 -3.98292 
2.09139 -4.01907 -4.01627 -4.02704 
2.0954 -4.06295 -4.0601 -4.07138 
2.0994 -4.10706 -4.10417 -4.11595 
2.1034 -4.1514 -4.14846 -4.16075 
2.1074 -4.19597 -4.19299 -4.20577 
2.11141 -4.24077 -4.23775 -4.25102 
2.11541 -4.28581 -4.28275 -4.2965 
2.11941 -4.33108 -4.32798 -4.3422 
2.12342 -4.37658 -4.37344 -4.38813 
2.12742 -4.42232 -4.41914 -4.43429 
2.13142 -4.46829 -4.46508 -4.48068 
2.13542 -4.5145 -4.51125 -4.52729 
2.13943 -4.56095 -4.55766 -4.57414 
2.14343 -4.60763 -4.60431 -4.62121 
2.14743 -4.65456 -4.6512 -4.66851 
2.15143 -4.70172 -4.69832 -4.71605 
2.15544 -4.74911 -4.74569 -4.76381 
2.15944 -4.79675 -4.79329 -4.81181 
2.16344 -4.84463 -4.84114 -4.86003 
2.16744 -4.89275 -4.88922 -4.90849 
2.17145 -4.94111 -4.93755 -4.95718 
2.17545 -4.98971 -4.98612 -5.0061 
2.17945 -5.03855 -5.03493 -5.05525 
2.18346 -5.08764 -5.08399 -5.10463 
2.18746 -5.13697 -5.13329 -5.15425 
2.19146 -5.18654 -5.18284 -5.2041 
2.19546 -5.23636 -5.23263 -5.25419 
2.19947 -5.28642 -5.28266 -5.3045 
2.20347 -5.33672 -5.33294 -5.35505 
2.20747 -5.38728 -5.38347 -5.40584 
2.21147 -5.43807 -5.43424 -5.45686 
2.21548 -5.48912 -5.48526 -5.50811 
2.21948 -5.54041 -5.53653 -5.5596 
2.22348 -5.59194 -5.58804 -5.61133 
2.22748 -5.64373 -5.63981 -5.66328 
2.23149 -5.69576 -5.69182 -5.71548 
2.23549 -5.74804 -5.74408 -5.76791 
2.23949 -5.80057 -5.79659 -5.82057 
2.2435 -5.85335 -5.84935 -5.87348 
2.2475 -5.90637 -5.90236 -5.92661 
2.2515 -5.95965 -5.95562 -5.97999 
2.2555 -6.01318 -6.00913 -6.0336 
2.25951 -6.06695 -6.06289 -6.08745 
2.26351 -6.12098 -6.11691 -6.14153 
2.26751 -6.17526 -6.17117 -6.19585 
2.27151 -6.22978 -6.22569 -6.25041 
2.27552 -6.28456 -6.28046 -6.30521 
2.27952 -6.33959 -6.33548 -6.36024 
2.28352 -6.39488 -6.39076 -6.41552 
2.28753 -6.45041 -6.44629 -6.47103 
2.29153 -6.5062 -6.50207 -6.52677 
2.29553 -6.56224 -6.5581 -6.58276 
2.29953 -6.61853 -6.61439 -6.63898 
2.30354 -6.67507 -6.67093 -6.69545 
2.30754 -6.73187 -6.72773 -6.75215 
2.31154 -6.78892 -6.78478 -6.80909 
2.31554 -6.84622 -6.84208 -6.86626 
2.31955 -6.90377 -6.89964 -6.92368 
2.32355 -6.96158 -6.95745 -6.98134 
2.32755 -7.01964 -7.01552 -7.03923 
2.33155 -7.07795 -7.07384 -7.09736 
2.33556 -7.13652 -7.13242 -7.15573 
2.33956 -7.19534 -7.19125 -7.21435 
2.34356 -7.25442 -7.25033 -7.2732 
2.34757 -7.31374 -7.30967 -7.33228 
2.35157 -7.37332 -7.36927 -7.39161 
2.35557 -7.43316 -7.42912 -7.45118 
2.35957 -7.49324 -7.48922 -7.51099 
2.36358 -7.55358 -7.54958 -7.57103 
2.36758 -7.61417 -7.61019 -7.63131 
2.37158 -7.67502 -7.67106 -7.69184 
2.37558 -7.73612 -7.73218 -7.7526 
2.37959 -7.79746 -7.79356 -7.8136 
2.38359 -7.85907 -7.85519 -7.87484 
2.38759 -7.92092 -7.91707 -7.93632 
2.39159 -7.98303 -7.97921 -7.99804 
2.3956 -8.04538 -8.0416 -8.05999 
2.3996 -8.10799 -8.10424 -8.12219 
2.4036 -8.17085 -8.16714 -8.18462 
2.40761 -8.23397 -8.23029 -8.24729 
2.41161 -8.29733 -8.29369 -8.3102 
2.41561 -8.36094 -8.35735 -8.37335 
2.41961 -8.4248 -8.42125 -8.43674 
2.42362 -8.48891 -8.48541 -8.50037 
2.42762 -8.55328 -8.54982 -8.56423 
2.43162 -8.61789 -8.61448 -8.62833 
2.43562 -8.68274 -8.67939 -8.69267 
2.43963 -8.74785 -8.74456 -8.75724 
2.44363 -8.81321 -8.80997 -8.82206 
2.44763 -8.87881 -8.87563 -8.88711 
2.45163 -8.94466 -8.94154 -8.95239 
2.45564 -9.01075 -9.00769 -9.01792 
2.45964 -9.07709 -9.0741 -9.08368 
2.46364 -9.14368 -9.14075 -9.14968 
2.46765 -9.2105 -9.20765 -9.21591 
2.47165 -9.27758 -9.2748 -9.28238 
2.47565 -9.3449 -9.34219 -9.34908 
2.47965 -9.41246 -9.40982 -9.41602 
2.48366 -9.48026 -9.4777 -9.4832 
2.48766 -9.5483 -9.54583 -9.55061 
2.49166 -9.61659 -9.61419 -9.61825 
2.49566 -9.68511 -9.6828 -9.68613 
2.49967 -9.75388 -9.75165 -9.75424 
2.50367 -9.82288 -9.82075 -9.82259 
2.50767 -9.89212 -9.89008 -9.89117 
2.51167 -9.9616 -9.95965 -9.95998 
2.51568 -10.0313 -10.0295 -10.029 
2.51968 -10.1013 -10.0995 -10.0983 
2.52368 -10.1714 -10.1698 -10.1678 
2.52769 -10.2419 -10.2403 -10.2376 
2.53169 -10.3125 -10.3111 -10.3075 
2.53569 -10.3834 -10.3821 -10.3777 
2.53969 -10.4545 -10.4533 -10.4482 
2.5437 -10.5259 -10.5247 -10.5188 
2.5477 -10.5974 -10.5964 -10.5897 
2.5517 -10.6692 -10.6683 -10.6608 
2.5557 -10.7413 -10.7405 -10.7322 
2.55971 -10.8135 -10.8128 -10.8038 
2.56371 -10.886 -10.8854 -10.8756 
2.56771 -10.9587 -10.9583 -10.9476 
2.57171 -11.0316 -11.0313 -11.0199 
2.57572 -11.1048 -11.1046 -11.0924 
2.57972 -11.1781 -11.1781 -11.1651 
2.58372 -11.2517 -11.2518 -11.238 
2.58773 -11.3255 -11.3257 -11.3112 
2.59173 -11.3996 -11.3999 -11.3846 
2.59573 -11.4738 -11.4743 -11.4582 
2.59973 -11.5483 -11.5489 -11.532 
2.60374 -11.6229 -11.6237 -11.6061 
2.60774 -11.6978 -11.6987 -11.6803 
2.61174 -11.7729 -11.7739 -11.7548 
2.61574 -11.8482 -11.8493 -11.8295 
2.61975 -11.9237 -11.925 -11.9045 
2.62375 -11.9994 -12.0008 -11.9796 
2.62775 -12.0754 -12.0769 -12.055 
2.63175 -12.1515 -12.1532 -12.1306 
2.63576 -12.2278 -12.2296 -12.2064 
2.63976 -12.3043 -12.3063 -12.2825 
2.64376 -12.3811 -12.3832 -12.3587 
2.64777 -12.458 -12.4602 -12.4352 
2.65177 -12.5351 -12.5375 -12.5118 
2.65577 -12.6125 -12.615 -12.5887 
2.65977 -12.69 -12.6926 -12.6658 
2.66378 -12.7677 -12.7705 -12.7431 
2.66778 -12.8456 -12.8485 -12.8207 
2.67178 -12.9237 -12.9267 -12.8984 
2.67578 -13.0019 -13.0051 -12.9764 
2.67979 -13.0804 -13.0837 -13.0545 
2.68379 -13.159 -13.1625 -13.1329 
2.68779 -13.2379 -13.2414 -13.2114 
2.69179 -13.3169 -13.3206 -13.2902 
2.6958 -13.396 -13.3999 -13.3692 
2.6998 -13.4754 -13.4794 -13.4484 
2.7038 -13.5549 -13.559 -13.5278 
2.70781 -13.6346 -13.6388 -13.6074 
2.71181 -13.7145 -13.7188 -13.6872 
2.71581 -13.7946 -13.799 -13.7672 
2.71981 -13.8748 -13.8793 -13.8474 
2.72382 -13.9552 -13.9598 -13.9278 
2.72782 -14.0357 -14.0405 -14.0084 
2.73182 -14.1164 -14.1213 -14.0891 
2.73582 -14.1973 -14.2022 -14.1701 
2.73983 -14.2783 -14.2833 -14.2513 
2.74383 -14.3595 -14.3646 -14.3327 
2.74783 -14.4409 -14.446 -14.4143 
2.75183 -14.5224 -14.5276 -14.496 
2.75584 -14.604 -14.6093 -14.578 
2.75984 -14.6858 -14.6911 -14.6601 
2.76384 -14.7678 -14.7731 -14.7424 
2.76785 -14.8498 -14.8552 -14.825 
2.77185 -14.9321 -14.9375 -14.9077 
2.77585 -15.0144 -15.0199 -14.9906 
2.77985 -15.0969 -15.1024 -15.0736 
2.78386 -15.1796 -15.185 -15.1569 
2.78786 -15.2623 -15.2678 -15.2403 
2.79186 -15.3453 -15.3507 -15.3239 
2.79586 -15.4283 -15.4337 -15.4077 
2.79987 -15.5115 -15.5168 -15.4917 
2.80387 -15.5947 -15.6001 -15.5759 
2.80787 -15.6782 -15.6834 -15.6602 
2.81187 -15.7617 -15.7669 -15.7447 
2.81588 -15.8453 -15.8504 -15.8294 
2.81988 -15.9291 -15.9341 -15.9142 
2.82388 -16.013 -16.0179 -15.9992 
2.82789 -16.097 -16.1017 -16.0844 
2.83189 -16.1811 -16.1857 -16.1698 
2.83589 -16.2653 -16.2698 -16.2553 
2.83989 -16.3496 -16.3539 -16.341 
2.8439 -16.434 -16.4381 -16.4268 
2.8479 -16.5185 -16.5224 -16.5128 
2.8519 -16.6031 -16.6068 -16.599 
2.8559 -16.6878 -16.6913 -16.6853 
2.85991 -16.7726 -16.7758 -16.7718 
2.86391 -16.8575 -16.8604 -16.8584 
2.86791 -16.9425 -16.9451 -16.9452 
2.87191 -17.0275 -17.0299 -17.0321 
2.87592 -17.1127 -17.1147 -17.1192 
2.87992 -17.1979 -17.1995 -17.2065 
2.88392 -17.2832 -17.2845 -17.2939 
2.88793 -17.3686 -17.3694 -17.3814 
2.89193 -17.454 -17.4545 -17.4691 
2.89593 -17.5395 -17.5395 -17.5569 
2.89993 -17.6251 -17.6246 -17.6449 
2.90394 -17.7108 -17.7098 -17.733 
2.90794 -17.7965 -17.795 -17.8212 
2.91194 -17.8822 -17.8802 -17.9096 
2.91594 -17.9681 -17.9654 -17.9981 
2.91995 -18.054 -18.0507 -18.0867 
2.92395 -18.1399 -18.136 -18.1755 
2.92795 -18.2259 -18.2213 -18.2644 
2.93195 -18.3119 -18.3066 -18.3535 
2.93596 -18.398 -18.392 -18.4426 
2.93996 -18.4841 -18.4773 -18.5319 
2.94396 -18.5702 -18.5627 -18.6213 
2.94797 -18.6564 -18.648 -18.7108 
2.95197 -18.7426 -18.7334 -18.8004 
2.95597 -18.8289 -18.8188 -18.8902 
2.95997 -18.9152 -18.9041 -18.9801 
2.96398 -19.0015 -18.9894 -19.07 
2.96798 -19.0878 -19.0747 -19.1601 
2.97198 -19.1742 -19.16 -19.2503 
2.97598 -19.2605 -19.2453 -19.3406 
2.97999 -19.3469 -19.3305 -19.431 
2.98399 -19.4333 -19.4158 -19.5215 
2.98799 -19.5197 -19.5009 -19.6121 
2.99199 -19.6061 -19.5861 -19.7028 
2.996 -19.6925 -19.6712 -19.7936 
3 -19.7789 -19.7562 -19.8845 
