0 1 1 1
0.05 1 0.97501 0.975023
0.1 1 0.950083 0.950132
0.15 1 0.925281 0.925388
0.2 1 0.900665 0.900852
0.25 1 0.876298 0.876584
0.3 1 0.85224 0.852644
0.35 1 0.828551 0.82909
0.4 1 0.805291 0.805981
0.45 1 0.782517 0.783372
0.5 1 0.760287 0.761321
0.55 1 0.738656 0.739881
0.6 1 0.717679 0.719104
0.65 1 0.697407 0.699043
0.7 1 0.677891 0.679746
0.75 1 0.65918 0.661261
0.8 1 0.641321 0.643633
0.85 1 0.624359 0.626907
0.9 1 0.608336 0.611123
0.95 1 0.593291 0.59632
1 1 0.579264 0.582535
1.05 1 0.566287 0.569803
1.1 1 0.554395 0.558153
1.15 1 0.543617 0.547616
1.2 1 0.533978 0.538216
1.25 1 0.525505 0.529978
1.3 1 0.518219 0.522923
1.35 1 0.512136 0.517066
1.4 1 0.507273 0.512423
1.45 1 0.503641 0.509006
1.5 1 0.50125 0.506822
1.55 1 0.500105 0.505877
1.6 1 0.500209 0.506173
1.65 1 0.501564 0.507711
1.7 1 0.504164 0.510485
1.75 1 0.508003 0.51449
1.8 1 0.513072 0.519714
1.85 1 0.519358 0.526146
1.9 1 0.526846 0.533769
1.95 1 0.535515 0.542564
2 1 0.545346 0.55251
2.05 1 0.556314 0.563582
2.1 1 0.56839 0.575754
2.15 1 0.581546 0.588993
2.2 1 0.595747 0.603269
2.25 1 0.610958 0.618546
2.3 1 0.627142 0.634785
2.35 1 0.644258 0.651947
2.4 1 0.662263 0.66999
2.45 1 0.681112 0.688869
2.5 1 0.700759 0.708538
2.55 1 0.721153 0.728948
2.6 1 0.742244 0.750048
2.65 1 0.76398 0.771787
2.7 1 0.786305 0.794112
2.75 1 0.809165 0.816967
2.8 1 0.832501 0.840296
2.85 1 0.856257 0.864042
2.9 1 0.880371 0.888147
2.95 1 0.904785 0.91255
3 1 0.929437 0.937194
3.05 1 0.954265 0.962016
3.1 1 0.979207 0.986956
3.15 1 1.0042 1.01195
3.2 1 1.02919 1.03695
3.25 1 1.0541 1.06187
3.3 1 1.07887 1.08667
3.35 1 1.10345 1.11129
3.4 1 1.12777 1.13566
3.45 1 1.15177 1.15972
3.5 1 1.17539 1.18341
3.55 1 1.19858 1.20668
3.6 1 1.22126 1.22947
3.65 1 1.2434 1.25173
3.7 1 1.26492 1.27339
3.75 1 1.28578 1.29441
3.8 1 1.30593 1.31474
3.85 1 1.32532 1.33433
3.9 1 1.34389 1.35312
3.95 1 1.3616 1.37108
4 1 1.37841 1.38815
4.05 1 1.39427 1.40431
4.1 1 1.40915 1.4195
4.15 1 1.423 1.43369
4.2 1 1.4358 1.44686
4.25 1 1.4475 1.45895
4.3 1 1.45809 1.46996
4.35 1 1.46754 1.47984
4.4 1 1.47581 1.48858
4.45 1 1.4829 1.49615
4.5 1 1.48878 1.50254
4.55 1 1.49343 1.50773
4.6 1 1.49686 1.51171
4.65 1 1.49904 1.51446
4.7 1 1.49998 1.51599
4.75 1 1.49966 1.51628
4.8 1 1.4981 1.51534
4.85 1 1.49529 1.51317
4.9 1 1.49124 1.50978
4.95 1 1.48597 1.50516
5 1 1.47948 1.49935
5.05 1 1.47179 1.49234
5.1 1 1.46292 1.48415
5.15 1 1.4529 1.47481
5.2 1 1.44174 1.46434
5.25 1 1.42948 1.45276
5.3 1 1.41615 1.4401
5.35 1 1.40178 1.42639
5.4 1 1.3864 1.41167
5.45 1 1.37006 1.39597
5.5 1 1.35279 1.37933
5.55 1 1.33464 1.36179
5.6 1 1.31565 1.34338
5.65 1 1.29587 1.32417
5.7 1 1.27536 1.30419
5.75 1 1.25415 1.28349
5.8 1 1.23232 1.26213
5.85 1 1.2099 1.24015
5.9 1 1.18695 1.2176
5.95 1 1.16354 1.19455
6 1 1.13972 1.17105
6.05 1 1.11555 1.14716
6.1 1 1.09109 1.12293
6.15 1 1.0664 1.09843
6.2 1 1.04155 1.07371
6.25 1 1.0166 1.04883
6.3 1 0.991599 1.02386
6.35 1 0.966623 0.99886
6.4 1 0.941729 0.973884
6.45 1 0.916982 0.948997
6.5 1 0.892442 0.92426
6.55 1 0.868171 0.899734
6.6 1 0.844229 0.875479
6.65 1 0.820676 0.851554
6.7 1 0.797572 0.828018
6.75 1 0.774974 0.80493
6.8 1 0.752938 0.782345
6.85 1 0.73152 0.760319
6.9 1 0.710773 0.738907
6.95 1 0.690748 0.718161
7 1 0.671496 0.698132
7.05 1 0.653066 0.67887
7.1 1 0.635503 0.660422
7.15 1 0.618851 0.642834
7.2 1 0.603151 0.626149
7.25 1 0.588444 0.610408
7.3 1 0.574765 0.595651
7.35 1 0.562148 0.581912
7.4 1 0.550626 0.569227
7.45 1 0.540227 0.557627
7.5 1 0.530978 0.54714
7.55 1 0.522901 0.537793
7.6 1 0.516017 0.529609
7.65 1 0.510342 0.522607
7.7 1 0.505891 0.516805
7.75 1 0.502675 0.512218
7.8 1 0.500701 0.508856
7.85 1 0.499976 0.506727
7.9 1 0.500501 0.505839
7.95 1 0.502274 0.506192
8 1 0.505292 0.507786
8.05 1 0.509546 0.510617
8.1 1 0.515026 0.514678
8.15 1 0.521717 0.519957
8.2 1 0.529604 0.526444
8.25 1 0.538667 0.53412
8.3 1 0.548883 0.542969
8.35 1 0.560227 0.552968
8.4 1 0.57267 0.564091
8.45 1 0.586181 0.576313
8.5 1 0.600727 0.589601
8.55 1 0.61627 0.603924
8.6 1 0.632772 0.619245
8.65 1 0.650192 0.635528
8.7 1 0.668487 0.652732
8.75 1 0.687611 0.670815
8.8 1 0.707515 0.689732
8.85 1 0.72815 0.709437
8.9 1 0.749465 0.72988
8.95 1 0.771406 0.751012
9 1 0.793918 0.77278
9.05 1 0.816945 0.79513
9.1 1 0.84043 0.818009
9.15 1 0.864314 0.84136
9.2 1 0.888538 0.865125
9.25 1 0.913039 0.889246
9.3 1 0.937758 0.913663
9.35 1 0.962633 0.938317
9.4 1 0.9876 0.963147
9.45 1 1.0126 0.988092
9.5 1 1.03757 1.01309
9.55 1 1.06244 1.03808
9.6 1 1.08716 1.06301
9.65 1 1.11166 1.0878
9.7 1 1.13588 1.11241
9.75 1 1.15976 1.13676
9.8 1 1.18324 1.16081
9.85 1 1.20627 1.18449
9.9 1 1.22877 1.20774
9.95 1 1.25071 1.23051
10 1 1.27202 1.25274
10.05 1 1.29265 1.27438
10.1 1 1.31255 1.29537
10.15 1 1.33167 1.31567
10.2 1 1.34996 1.33522
10.25 1 1.36737 1.35397
10.3 1 1.38386 1.37189
10.35 1 1.3994 1.38893
10.4 1 1.41394 1.40504
10.45 1 1.42744 1.42019
10.5 1 1.43988 1.43434
10.55 1 1.45121 1.44745
10.6 1 1.46142 1.4595
10.65 1 1.47047 1.47046
10.7 1 1.47835 1.48029
10.75 1 1.48503 1.48898
10.8 1 1.4905 1.49649
10.85 1 1.49475 1.50283
10.9 1 1.49776 1.50796
10.95 1 1.49952 1.51188
11 1 1.50004 1.51458
11.05 1 1.4993 1.51605
11.1 1 1.49732 1.51629
11.15 1 1.49409 1.5153
11.2 1 1.48963 1.51307
11.25 1 1.48395 1.50962
11.3 1 1.47705 1.50495
11.35 1 1.46897 1.49908
11.4 1 1.45971 1.49201
11.45 1 1.4493 1.48378
11.5 1 1.43777 1.47438
11.55 1 1.42514 1.46386
11.6 1 1.41146 1.45223
11.65 1 1.39674 1.43952
11.7 1 1.38103 1.42577
11.75 1 1.36437 1.411
11.8 1 1.3468 1.39525
11.85 1 1.32836 1.37857
11.9 1 1.30911 1.36098
11.95 1 1.28907 1.34254
12 1 1.26832 1.32329
12.05 1 1.2469 1.30328
12.1 1 1.22486 1.28255
12.15 1 1.20225 1.26115
12.2 1 1.17914 1.23914
12.25 1 1.15559 1.21658
12.3 1 1.13164 1.1935
12.35 1 1.10737 1.16998
12.4 1 1.08282 1.14607
12.45 1 1.05807 1.12183
12.5 1 1.03318 1.09731
12.55 1 1.0082 1.07258
12.6 1 0.983201 1.0477
12.65 1 0.958244 1.02273
12.7 1 0.933392 0.997721
12.75 1 0.908706 0.972747
12.8 1 0.884248 0.947864
12.85 1 0.86008 0.923134
12.9 1 0.836261 0.898618
12.95 1 0.812852 0.874375
13 1 0.78991 0.850466
13.05 1 0.767494 0.826948
13.1 1 0.745658 0.803879
13.15 1 0.724458 0.781317
13.2 1 0.703947 0.759317
13.25 1 0.684176 0.737933
13.3 1 0.665194 0.717218
13.35 1 0.64705 0.697222
13.4 1 0.629787 0.677995
13.45 1 0.613449 0.659584
13.5 1 0.598078 0.642035
13.55 1 0.583711 0.625392
13.6 1 0.570385 0.609694
13.65 1 0.558133 0.594981
13.7 1 0.546985 0.581289
13.75 1 0.536969 0.568653
13.8 1 0.528111 0.557102
13.85 1 0.520432 0.546665
13.9 1 0.513951 0.53737
13.95 1 0.508686 0.529239
14 1 0.504649 0.522291
14.05 1 0.50185 0.516544
14.1 1 0.500296 0.512012
14.15 1 0.499991 0.508706
14.2 1 0.500935 0.506634
14.25 1 0.503127 0.505802
14.3 1 0.50656 0.506211
14.35 1 0.511228 0.507862
14.4 1 0.517117 0.510749
14.45 1 0.524213 0.514865
14.5 1 0.532498 0.520201
14.55 1 0.541952 0.526743
14.6 1 0.552551 0.534474
14.65 1 0.564267 0.543375
14.7 1 0.577073 0.553426
14.75 1 0.590936 0.564601
14.8 1 0.605822 0.576872
14.85 1 0.621693 0.590209
14.9 1 0.638509 0.604579
14.95 1 0.656229 0.619946
15 1 0.674808 0.636272
15.05 1 0.6942 0.653518
15.1 1 0.714356 0.671641
15.15 1 0.735227 0.690596
15.2 1 0.756759 0.710336
15.25 1 0.778899 0.730813
15.3 1 0.801592 0.751976
15.35 1 0.824781 0.773773
15.4 1 0.848408 0.79615
15.45 1 0.872413 0.819052
15.5 1 0.896737 0.842424
15.55 1 0.92132 0.866208
15.6 1 0.9461 0.890345
15.65 1 0.971014 0.914776
15.7 1 0.996 0.93944
15.75 1 1.021 0.964278
15.8 1 1.04594 0.989229
15.85 1 1.07077 1.01423
15.9 1 1.09542 1.03922
15.95 1 1.11984 1.06414
16 1 1.14395 1.08893
16.05 1 1.16771 1.11353
16.1 1 1.19104 1.13787
16.15 1 1.2139 1.1619
16.2 1 1.23622 1.18557
16.25 1 1.25796 1.2088
16.3 1 1.27904 1.23154
16.35 1 1.29943 1.25375
16.4 1 1.31908 1.27536
16.45 1 1.33792 1.29632
16.5 1 1.35592 1.31659
16.55 1 1.37303 1.3361
16.6 1 1.38921 1.35483
16.65 1 1.40442 1.37271
16.7 1 1.41861 1.3897
16.75 1 1.43176 1.40577
16.8 1 1.44383 1.42088
16.85 1 1.45479 1.43498
16.9 1 1.46461 1.44805
16.95 1 1.47327 1.46005
17 1 1.48075 1.47095
17.05 1 1.48703 1.48073
17.1 1 1.49209 1.48937
17.15 1 1.49592 1.49683
17.2 1 1.49851 1.50311
17.25 1 1.49986 1.50819
17.3 1 1.49995 1.51206
17.35 1 1.4988 1.5147
17.4 1 1.4964 1.51612
17.45 1 1.49275 1.5163
17.5 1 1.48788 1.51525
17.55 1 1.48179 1.51297
17.6 1 1.47449 1.50946
17.65 1 1.46601 1.50474
17.7 1 1.45636 1.49881
17.75 1 1.44557 1.49169
17.8 1 1.43367 1.4834
17.85 1 1.42068 1.47395
17.9 1 1.40664 1.46338
17.95 1 1.39159 1.4517
18 1 1.37556 1.43894
18.05 1 1.35858 1.42514
18.1 1 1.34072 1.41032
18.15 1 1.322 1.39453
18.2 1 1.30247 1.37781
18.25 1 1.28219 1.36018
18.3 1 1.26121 1.3417
18.35 1 1.23957 1.32242
18.4 1 1.21733 1.30237
18.45 1 1.19455 1.2816
18.5 1 1.17128 1.26018
18.55 1 1.14759 1.23814
18.6 1 1.12352 1.21555
18.65 1 1.09915 1.19245
18.7 1 1.07453 1.16891
18.75 1 1.04972 1.14498
18.8 1 1.02479 1.12072
18.85 1 0.999799 1.09619
18.9 1 0.974806 1.07146
18.95 1 0.949876 1.04657
19 1 0.925072 1.02159
19.05 1 0.900455 0.996582
19.1 1 0.876086 0.97161
19.15 1 0.852028 0.946731
19.2 1 0.828339 0.922009
19.25 1 0.805079 0.897502
19.3 1 0.782307 0.873272
19.35 1 0.760078 0.849378
19.4 1 0.738449 0.825878
19.45 1 0.717474 0.80283
19.5 1 0.697205 0.780291
19.55 1 0.677693 0.758317
19.6 1 0.658986 0.736961
19.65 1 0.641132 0.716276
19.7 1 0.624175 0.696313
19.75 1 0.608157 0.677122
19.8 1 0.593119 0.658748
19.85 1 0.579097 0.641238
19.9 1 0.566128 0.624636
19.95 1 0.554242 0.608981
20 1 0.543471 0.594314
20.05 1 0.533841 0.580668
20.1 1 0.525377 0.56808
20.15 1 0.518098 0.556579
20.2 1 0.512025 0.546193
20.25 1 0.50717 0.53695
20.3 1 0.503548 0.528871
20.35 1 0.501166 0.521977
20.4 1 0.500031 0.516285
20.45 1 0.500146 0.511808
20.5 1 0.50151 0.508559
20.55 1 0.504121 0.506543
20.6 1 0.50797 0.505767
20.65 1 0.51305 0.506233
20.7 1 0.519346 0.50794
20.75 1 0.526844 0.510884
20.8 1 0.535524 0.515056
20.85 1 0.545366 0.520447
20.9 1 0.556344 0.527044
20.95 1 0.568431 0.534829
21 1 0.581597 0.543784
21.05 1 0.595808 0.553886
21.1 1 0.61103 0.565112
21.15 1 0.627223 0.577433
21.2 1 0.644348 0.590819
21.25 1 0.662363 0.605236
21.3 1 0.681222 0.620648
21.35 1 0.700877 0.637019
21.4 1 0.72128 0.654306
21.45 1 0.74238 0.672468
21.5 1 0.764123 0.691461
21.55 1 0.786456 0.711237
21.6 1 0.809323 0.731747
21.65 1 0.832666 0.752941
21.7 1 0.856428 0.774767
21.75 1 0.880549 0.797171
21.8 1 0.904968 0.820097
21.85 1 0.929625 0.84349
21.9 1 0.954457 0.867292
21.95 1 0.979404 0.891445
22 1 1.0044 0.915889
22.05 1 1.02939 0.940564
22.1 1 1.0543 0.96541
22.15 1 1.07908 0.990365
22.2 1 1.10366 1.01537
22.25 1 1.12798 1.04036
22.3 1 1.15198 1.06528
22.35 1 1.1756 1.09006
22.4 1 1.19879 1.11465
22.45 1 1.22147 1.13898
22.5 1 1.2436 1.163
22.55 1 1.26513 1.18664
22.6 1 1.28599 1.20985
22.65 1 1.30613 1.23258
22.7 1 1.32552 1.25476
22.75 1 1.34408 1.27634
22.8 1 1.36179 1.29728
22.85 1 1.37859 1.31751
22.9 1 1.39445 1.33699
22.95 1 1.40932 1.35568
23 1 1.42317 1.37352
23.05 1 1.43596 1.39047
23.1 1 1.44766 1.4065
23.15 1 1.45824 1.42156
23.2 1 1.46767 1.43562
23.25 1 1.47594 1.44864
23.3 1 1.48302 1.46059
23.35 1 1.48889 1.47145
23.4 1 1.49354 1.48118
23.45 1 1.49695 1.48976
23.5 1 1.49912 1.49717
23.55 1 1.50005 1.5034
23.6 1 1.49973 1.50842
23.65 1 1.49815 1.51223
23.7 1 1.49533 1.51482
23.75 1 1.49127 1.51618
23.8 1 1.48599 1.51631
23.85 1 1.47949 1.5152
23.9 1 1.47179 1.51286
23.95 1 1.46291 1.5093
24 1 1.45288 1.50452
24.05 1 1.44171 1.49854
24.1 1 1.42944 1.49136
24.15 1 1.4161 1.48302
24.2 1 1.40171 1.47352
24.25 1 1.38633 1.46289
24.3 1 1.36997 1.45116
24.35 1 1.3527 1.43836
24.4 1 1.33454 1.42451
24.45 1 1.31554 1.40965
24.5 1 1.29575 1.39381
24.55 1 1.27523 1.37704
24.6 1 1.25402 1.35938
24.65 1 1.23217 1.34086
24.7 1 1.20974 1.32154
24.75 1 1.18679 1.30145
24.8 1 1.16337 1.28066
24.85 1 1.13955 1.2592
24.9 1 1.11537 1.23714
24.95 1 1.09091 1.21452
25 1 1.06622 1.1914
25.05 1 1.04136 1.16784
25.1 1 1.0164 1.14389
25.15 1 0.991398 1.11962
25.2 1 0.966419 1.09508
25.25 1 0.941523 1.07033
25.3 1 0.916773 1.04543
25.35 1 0.892231 1.02045
25.4 1 0.867959 0.995444
25.45 1 0.844017 0.970473
25.5 1 0.820464 0.945599
25.55 1 0.797361 0.920883
25.6 1 0.774764 0.896387
25.65 1 0.752729 0.872169
25.7 1 0.731313 0.848291
25.75 1 0.710568 0.824809
25.8 1 0.690547 0.801782
25.85 1 0.671299 0.779266
25.9 1 0.652873 0.757318
25.95 1 0.635314 0.73599
26 1 0.618667 0.715336
26.05 1 0.602973 0.695406
26.1 1 0.588271 0.67625
26.15 1 0.574599 0.657914
26.2 1 0.56199 0.640443
26.25 1 0.550475 0.623882
26.3 1 0.540083 0.608271
26.35 1 0.530842 0.593648
26.4 1 0.522773 0.58005
26.45 1 0.515898 0.567509
26.5 1 0.510232 0.556058
26.55 1 0.50579 0.545724
26.6 1 0.502583 0.536532
26.65 1 0.50062 0.528506
26.7 1 0.499904 0.521666
26.75 1 0.500439 0.516029
26.8 1 0.502223 0.511608
26.85 1 0.50525 0.508414
26.9 1 0.509515 0.506455
26.95 1 0.515005 0.505736
27 1 0.521708 0.506258
27.05 1 0.529605 0.508021
27.1 1 0.538678 0.511021
27.15 1 0.548905 0.515249
27.2 1 0.56026 0.520696
27.25 1 0.572713 0.527347
27.3 1 0.586235 0.535187
27.35 1 0.60079 0.544195
27.4 1 0.616344 0.55435
27.45 1 0.632856 0.565626
27.5 1 0.650285 0.577997
27.55 1 0.66859 0.591431
27.6 1 0.687722 0.605895
27.65 1 0.707635 0.621353
27.7 1 0.728279 0.637767
27.75 1 0.749602 0.655096
27.8 1 0.771551 0.673298
27.85 1 0.794071 0.692328
27.9 1 0.817105 0.712139
27.95 1 0.840597 0.732683
28 1 0.864487 0.753908
28.05 1 0.888716 0.775763
28.1 1 0.913224 0.798193
28.15 1 0.937948 0.821143
28.2 1 0.962827 0.844557
28.25 1 0.987799 0.868377
28.3 1 1.0128 0.892546
28.35 1 1.03777 0.917003
28.4 1 1.06265 0.941688
28.45 1 1.08737 0.966542
28.5 1 1.11187 0.991502
28.55 1 1.13609 1.01651
28.6 1 1.15997 1.0415
28.65 1 1.18345 1.06641
28.7 1 1.20648 1.09119
28.75 1 1.22898 1.11577
28.8 1 1.25092 1.14009
28.85 1 1.27223 1.16409
28.9 1 1.29285 1.18772
28.95 1 1.31275 1.21091
29 1 1.33186 1.23361
29.05 1 1.35015 1.25577
29.1 1 1.36756 1.27732
29.15 1 1.38405 1.29823
29.2 1 1.39958 1.31843
29.25 1 1.41411 1.33788
29.3 1 1.42761 1.35653
29.35 1 1.44003 1.37433
29.4 1 1.45136 1.39124
29.45 1 1.46156 1.40723
29.5 1 1.47061 1.42225
29.55 1 1.47848 1.43626
29.6 1 1.48515 1.44923
29.65 1 1.49061 1.46113
29.7 1 1.49485 1.47194
29.75 1 1.49785 1.48162
29.8 1 1.4996 1.49015
29.85 1 1.50011 1.49751
29.9 1 1.49936 1.50368
29.95 1 1.49737 1.50865
30 1 1.49413 1.5124
30.05 1 1.48966 1.51494
30.1 1 1.48397 1.51624
30.15 1 1.47706 1.51631
30.2 1 1.46896 1.51514
30.25 1 1.4597 1.51275
30.3 1 1.44928 1.50913
30.35 1 1.43774 1.5043
30.4 1 1.4251 1.49826
30.45 1 1.4114 1.49103
30.5 1 1.39668 1.48263
30.55 1 1.38096 1.47308
30.6 1 1.36429 1.4624
30.65 1 1.34671 1.45062
30.7 1 1.32826 1.43777
30.75 1 1.30899 1.42387
30.8 1 1.28895 1.40897
30.85 1 1.26819 1.39309
30.9 1 1.24676 1.37627
30.95 1 1.22471 1.35857
31 1 1.2021 1.34001
31.05 1 1.17898 1.32065
31.1 1 1.15542 1.30053
31.15 1 1.13147 1.27971
31.2 1 1.10719 1.25822
31.25 1 1.08264 1.23613
31.3 1 1.05788 1.21348
31.35 1 1.03298 1.19034
31.4 1 1.008 1.16676
31.45 1 0.983 1.1428
31.5 1 0.95804 1.11851
31.55 1 0.933185 1.09396
31.6 1 0.908497 1.0692
31.65 1 0.884038 1.0443
31.7 1 0.859868 1.01931
31.75 1 0.836049 0.994304
31.8 1 0.81264 0.969335
31.85 1 0.789699 0.944466
31.9 1 0.767283 0.919758
31.95 1 0.745449 0.895272
32 1 0.724252 0.871067
32.05 1 0.703743 0.847204
32.1 1 0.683975 0.823741
32.15 1 0.664997 0.800735
32.2 1 0.646856 0.778243
32.25 1 0.629598 0.756321
32.3 1 0.613266 0.735021
32.35 1 0.5979 0.714398
32.4 1 0.583539 0.694501
32.45 1 0.57022 0.67538
32.5 1 0.557974 0.657082
32.55 1 0.546834 0.639652
32.6 1 0.536825 0.623132
32.65 1 0.527974 0.607564
32.7 1 0.520304 0.592987
32.75 1 0.513832 0.579435
32.8 1 0.508576 0.566942
32.85 1 0.504548 0.555541
32.9 1 0.501758 0.545258
32.95 1 0.500214 0.536119
33 1 0.499918 0.528147
33.05 1 0.500872 0.521361
33.1 1 0.503075 0.515778
33.15 1 0.506519 0.511412
33.2 1 0.511197 0.508273
33.25 1 0.517097 0.506371
33.3 1 0.524203 0.505708
33.35 1 0.532499 0.506288
33.4 1 0.541963 0.508108
33.45 1 0.552572 0.511164
33.5 1 0.564299 0.515448
33.55 1 0.577116 0.52095
33.6 1 0.590989 0.527655
33.65 1 0.605885 0.535549
33.7 1 0.621766 0.544611
33.75 1 0.638592 0.554818
33.8 1 0.656322 0.566146
33.85 1 0.67491 0.578567
33.9 1 0.694311 0.592049
33.95 1 0.714477 0.606559
34 1 0.735356 0.622061
34.05 1 0.756896 0.638518
34.1 1 0.779044 0.65589
34.15 1 0.801745 0.674132
34.2 1 0.82494 0.6932
34.25 1 0.848574 0.713046
34.3 1 0.872586 0.733623
34.35 1 0.896916 0.754879
34.4 1 0.921504 0.776761
34.45 1 0.946289 0.799217
34.5 1 0.971208 0.822191
34.55 1 0.996198 0.845626
34.6 1 1.0212 0.869465
34.65 1 1.04615 0.893649
34.7 1 1.07098 0.918119
34.75 1 1.09563 0.942814
34.8 1 1.12005 0.967675
34.85 1 1.14416 0.99264
34.9 1 1.16792 1.01765
34.95 1 1.19125 1.04264
35 1 1.21411 1.06755
35.05 1 1.23643 1.09232
35.1 1 1.25816 1.11689
35.15 1 1.27925 1.1412
35.2 1 1.29964 1.16518
35.25 1 1.31928 1.18879
35.3 1 1.33812 1.21197
35.35 1 1.35611 1.23464
35.4 1 1.37322 1.25678
35.45 1 1.38939 1.2783
35.5 1 1.40459 1.29918
35.55 1 1.41878 1.31935
35.6 1 1.43192 1.33876
35.65 1 1.44399 1.35737
35.7 1 1.45494 1.37514
35.75 1 1.46476 1.39201
35.8 1 1.47341 1.40795
35.85 1 1.48088 1.42293
35.9 1 1.48715 1.43689
35.95 1 1.4922 1.44982
36 1 1.49602 1.46167
36.05 1 1.4986 1.47243
36.1 1 1.49994 1.48205
36.15 1 1.50002 1.49053
36.2 1 1.49886 1.49784
36.25 1 1.49645 1.50395
36.3 1 1.49279 1.50887
36.35 1 1.48791 1.51257
36.4 1 1.48181 1.51505
36.45 1 1.4745 1.51629
36.5 1 1.466 1.51631
36.55 1 1.45635 1.51509
36.6 1 1.44555 1.51264
36.65 1 1.43363 1.50896
36.7 1 1.42064 1.50407
36.75 1 1.40659 1.49798
36.8 1 1.39153 1.4907
36.85 1 1.37548 1.48225
36.9 1 1.3585 1.47264
36.95 1 1.34062 1.46191
37 1 1.3219 1.45008
37.05 1 1.30236 1.43718
37.1 1 1.28207 1.42323
37.15 1 1.26108 1.40828
37.2 1 1.23943 1.39236
37.25 1 1.21719 1.37551
37.3 1 1.1944 1.35776
37.35 1 1.17112 1.33916
37.4 1 1.14742 1.31977
37.45 1 1.12335 1.29961
37.5 1 1.09897 1.27875
37.55 1 1.07435 1.25724
37.6 1 1.04953 1.23512
37.65 1 1.0246 1.21245
37.7 1 0.999601 1.18929
37.75 1 0.974605 1.16569
37.8 1 0.949673 1.14171
37.85 1 0.924865 1.1174
37.9 1 0.900246 1.09284
37.95 1 0.875876 1.06807
38 1 0.851816 1.04316
38.05 1 0.828127 1.01817
38.1 1 0.804867 0.993165
38.15 1 0.782095 0.968198
38.2 1 0.759868 0.943334
38.25 1 0.73824 0.918633
38.3 1 0.717267 0.894157
38.35 1 0.697001 0.869966
38.4 1 0.677492 0.846118
38.45 1 0.658789 0.822673
38.5 1 0.640939 0.799688
38.55 1 0.623986 0.77722
38.6 1 0.607973 0.755324
38.65 1 0.59294 0.734053
38.7 1 0.578924 0.713461
38.75 1 0.565961 0.693597
38.8 1 0.554083 0.674511
38.85 1 0.54332 0.656251
38.9 1 0.533697 0.63886
38.95 1 0.52524 0.622382
39 1 0.51797 0.606858
39.05 1 0.511904 0.592325
39.1 1 0.507059 0.578821
39.15 1 0.503446 0.566377
39.2 1 0.501074 0.555024
39.25 1 0.499949 0.544792
39.3 1 0.500074 0.535706
39.35 1 0.501447 0.527787
39.4 1 0.504068 0.521055
39.45 1 0.507928 0.515527
39.5 1 0.513018 0.511216
39.55 1 0.519325 0.508134
39.6 1 0.526834 0.506287
39.65 1 0.535525 0.505681
39.7 1 0.545377 0.506317
39.75 1 0.556365 0.508194
39.8 1 0.568462 0.511306
39.85 1 0.581638 0.515646
39.9 1 0.59586 0.521204
39.95 1 0.611092 0.527964
40 1 0.627296 0.535911
40.05 1 0.644431 0.545026
40.1 1 0.662455 0.555286
40.15 1 0.681323 0.566665
40.2 1 0.700987 0.579135
40.25 1 0.721399 0.592665
40.3 1 0.742508 0.607222
40.35 1 0.764259 0.62277
40.4 1 0.786601 0.63927
40.45 1 0.809475 0.656683
40.5 1 0.832826 0.674964
40.55 1 0.856594 0.69407
40.6 1 0.880721 0.713952
40.65 1 0.905146 0.734562
40.7 1 0.929808 0.755848
40.75 1 0.954646 0.777759
40.8 1 0.979597 0.800241
40.85 1 1.0046 0.823238
40.9 1 1.02959 0.846694
40.95 1 1.05451 0.870551
41 1 1.07929 0.894751
41.05 1 1.10387 0.919234
41.1 1 1.12819 0.94394
41.15 1 1.15219 0.968808
41.2 1 1.17582 0.993777
41.25 1 1.199 1.01879
41.3 1 1.22168 1.04378
41.35 1 1.24382 1.06868
41.4 1 1.26534 1.09345
41.45 1 1.2862 1.11801
41.5 1 1.30634 1.1423
41.55 1 1.32572 1.16628
41.6 1 1.34428 1.18987
41.65 1 1.36198 1.21302
41.7 1 1.37878 1.23568
41.75 1 1.39463 1.25778
41.8 1 1.4095 1.27928
41.85 1 1.42334 1.30013
41.9 1 1.43612 1.32026
41.95 1 1.44782 1.33964
42 1 1.45839 1.35822
42.05 1 1.46782 1.37594
42.1 1 1.47608 1.39278
42.15 1 1.48315 1.40868
42.2 1 1.48901 1.42361
42.25 1 1.49365 1.43753
42.3 1 1.49705 1.4504
42.35 1 1.49922 1.46221
42.4 1 1.50013 1.47291
42.45 1 1.4998 1.48249
42.5 1 1.49821 1.49091
42.55 1 1.49538 1.49817
42.6 1 1.49132 1.50423
42.65 1 1.48602 1.50909
42.7 1 1.47951 1.51274
42.75 1 1.4718 1.51516
42.8 1 1.46291 1.51635
42.85 1 1.45287 1.5163
42.9 1 1.44169 1.51503
42.95 1 1.42941 1.51252
43 1 1.41605 1.50879
43.05 1 1.40166 1.50385
43.1 1 1.38626 1.4977
43.15 1 1.3699 1.49036
43.2 1 1.35261 1.48186
43.25 1 1.33444 1.4722
43.3 1 1.31543 1.46142
43.35 1 1.29564 1.44954
43.4 1 1.27511 1.43659
43.45 1 1.25389 1.4226
43.5 1 1.23203 1.4076
43.55 1 1.2096 1.39163
43.6 1 1.18664 1.37474
43.65 1 1.16321 1.35695
43.7 1 1.13938 1.33832
43.75 1 1.1152 1.31888
43.8 1 1.09073 1.29869
43.85 1 1.06603 1.2778
43.9 1 1.04117 1.25626
43.95 1 1.0162 1.23411
44 1 0.991199 1.21142
44.05 1 0.966216 1.18823
44.1 1 0.941317 1.16461
44.15 1 0.916565 1.14061
44.2 1 0.892022 1.1163
44.25 1 0.867748 1.09172
44.3 1 0.843805 1.06694
44.35 1 0.820252 1.04203
44.4 1 0.797149 1.01704
44.45 1 0.774553 0.992027
44.5 1 0.75252 0.967061
44.55 1 0.731105 0.942202
44.6 1 0.710363 0.917509
44.65 1 0.690344 0.893043
44.7 1 0.6711 0.868865
44.75 1 0.652677 0.845033
44.8 1 0.635123 0.821607
44.85 1 0.618481 0.798643
44.9 1 0.602792 0.776198
44.95 1 0.588097 0.754328
45 1 0.57443 0.733086
45.05 1 0.561827 0.712525
45.1 1 0.550319 0.692695
45.15 1 0.539936 0.673645
45.2 1 0.530702 0.655421
45.25 1 0.522642 0.63807
45.3 1 0.515774 0.621634
45.35 1 0.510117 0.606153
45.4 1 0.505684 0.591666
45.45 1 0.502487 0.578208
45.5 1 0.500533 0.565813
45.55 1 0.499827 0.554511
45.6 1 0.500372 0.544329
45.65 1 0.502166 0.535295
45.7 1 0.505204 0.527429
45.75 1 0.509479 0.520751
45.8 1 0.51498 0.515278
45.85 1 0.521692 0.511023
45.9 1 0.5296 0.507997
45.95 1 0.538685 0.506207
46 1 0.548922 0.505656
46.05 1 0.560287 0.506349
46.1 1 0.572751 0.508282
46.15 1 0.586283 0.511451
46.2 1 0.600849 0.515847
46.25 1 0.616412 0.52146
46.3 1 0.632934 0.528275
46.35 1 0.650374 0.536277
46.4 1 0.668688 0.545444
46.45 1 0.68783 0.555756
46.5 1 0.707752 0.567185
46.55 1 0.728404 0.579705
46.6 1 0.749736 0.593284
46.65 1 0.771692 0.607888
46.7 1 0.79422 0.623481
46.75 1 0.817262 0.640024
46.8 1 0.840761 0.657478
46.85 1 0.864658 0.675799
46.9 1 0.888893 0.694942
46.95 1 0.913406 0.714859
47 1 0.938135 0.735502
47.05 1 0.963018 0.756819
47.1 1 0.987995 0.778759
47.15 1 1.013 0.801266
47.2 1 1.03798 0.824286
47.25 1 1.06285 0.847763
47.3 1 1.08758 0.871639
47.35 1 1.11208 0.895854
47.4 1 1.1363 0.920349
47.45 1 1.16018 0.945065
47.5 1 1.18367 0.96994
47.55 1 1.20669 0.994914
47.6 1 1.2292 1.01993
47.65 1 1.25113 1.04491
47.7 1 1.27243 1.06982
47.75 1 1.29306 1.09457
47.8 1 1.31295 1.11912
47.85 1 1.33206 1.14341
47.9 1 1.35034 1.16737
47.95 1 1.36775 1.19094
48 1 1.38423 1.21407
48.05 1 1.39976 1.23671
48.1 1 1.41428 1.25879
48.15 1 1.42777 1.28026
48.2 1 1.44019 1.30107
48.25 1 1.45152 1.32118
48.3 1 1.46171 1.34052
48.35 1 1.47075 1.35906
48.4 1 1.47861 1.37675
48.45 1 1.48527 1.39354
48.5 1 1.49073 1.4094
48.55 1 1.49495 1.42428
48.6 1 1.49794 1.43816
48.65 1 1.49969 1.45099
48.7 1 1.50018 1.46275
48.75 1 1.49943 1.4734
48.8 1 1.49742 1.48292
48.85 1 1.49418 1.4913
48.9 1 1.48969 1.49849
48.95 1 1.48399 1.5045
49 1 1.47707 1.50931
49.05 1 1.46897 1.5129
49.1 1 1.45969 1.51526
49.15 1 1.44926 1.5164
49.2 1 1.43771 1.5163
49.25 1 1.42506 1.51497
49.3 1 1.41135 1.51241
49.35 1 1.39662 1.50862
49.4 1 1.38089 1.50362
49.45 1 1.36421 1.49742
49.5 1 1.34662 1.49003
49.55 1 1.32816 1.48147
49.6 1 1.30888 1.47176
49.65 1 1.28884 1.46093
49.7 1 1.26807 1.449
49.75 1 1.24662 1.436
49.8 1 1.22457 1.42196
49.85 1 1.20195 1.40691
49.9 1 1.17883 1.3909
49.95 1 1.15526 1.37396
50 1 1.1313 1.35614
50.05 1 1.10701 1.33747
50.1 1 1.08246 1.318
50.15 1 1.0577 1.29777
50.2 1 1.03279 1.27685
50.25 1 1.00781 1.25528
50.3 1 0.982799 1.2331
50.35 1 0.957836 1.21038
50.4 1 0.932979 1.18718
50.45 1 0.908288 1.16354
50.5 1 0.883828 1.13952
50.55 1 0.859657 1.11519
50.6 1 0.835837 1.0906
50.65 1 0.812428 1.06582
50.7 1 0.789487 1.04089
50.75 1 0.767073 1.0159
50.8 1 0.74524 0.990888
50.85 1 0.724045 0.965925
50.9 1 0.703539 0.94107
50.95 1 0.683774 0.916385
51 1 0.664799 0.89193
51.05 1 0.646663 0.867765
51.1 1 0.629409 0.843949
51.15 1 0.613082 0.820541
51.2 1 0.597722 0.797598
51.25 1 0.583367 0.775178
51.3 1 0.570054 0.753334
51.35 1 0.557815 0.73212
51.4 1 0.546681 0.71159
51.45 1 0.53668 0.691794
51.5 1 0.527838 0.672779
51.55 1 0.520176 0.654594
51.6 1 0.513713 0.637282
51.65 1 0.508465 0.620888
51.7 1 0.504446 0.605451
51.75 1 0.501666 0.591009
51.8 1 0.50013 0.577598
51.85 1 0.499845 0.565251
51.9 1 0.50081 0.553999
51.95 1 0.503023 0.543869
52 1 0.506477 0.534886
52.05 1 0.511166 0.527073
52.1 1 0.517076 0.52045
52.15 1 0.524192 0.515032
52.2 1 0.532498 0.510832
52.25 1 0.541973 0.507862
52.3 1 0.552593 0.506128
52.35 1 0.564331 0.505635
52.4 1 0.577158 0.506384
52.45 1 0.591042 0.508374
52.5 1 0.605948 0.511599
52.55 1 0.621838 0.516051
52.6 1 0.638674 0.521719
52.65 1 0.656413 0.528589
52.7 1 0.675012 0.536645
52.75 1 0.694422 0.545866
52.8 1 0.714596 0.55623
52.85 1 0.735484 0.56771
52.9 1 0.757033 0.58028
52.95 1 0.779188 0.593906
53 1 0.801896 0.608557
53.05 1 0.825099 0.624194
53.1 1 0.84874 0.640782
53.15 1 0.872758 0.658277
53.2 1 0.897095 0.676638
53.25 1 0.921688 0.695818
53.3 1 0.946478 0.71577
53.35 1 0.971401 0.736446
53.4 1 0.996395 0.757793
53.45 1 1.0214 0.779761
53.5 1 1.04635 0.802295
53.55 1 1.07118 0.825338
53.6 1 1.09584 0.848836
53.65 1 1.12026 0.872729
53.7 1 1.14437 0.896959
53.75 1 1.16813 0.921467
53.8 1 1.19147 0.946192
53.85 1 1.21432 0.971075
53.9 1 1.23664 0.996053
53.95 1 1.25837 1.02107
54 1 1.27946 1.04605
54.05 1 1.29984 1.07095
54.1 1 1.31948 1.0957
54.15 1 1.33832 1.12024
54.2 1 1.35631 1.14451
54.25 1 1.37341 1.16846
54.3 1 1.38958 1.19201
54.35 1 1.40477 1.21512
54.4 1 1.41895 1.23774
54.45 1 1.43209 1.25979
54.5 1 1.44415 1.28124
54.55 1 1.45509 1.30202
54.6 1 1.4649 1.32209
54.65 1 1.47355 1.3414
54.7 1 1.48101 1.3599
54.75 1 1.48727 1.37755
54.8 1 1.49231 1.3943
54.85 1 1.49612 1.41012
54.9 1 1.49869 1.42496
54.95 1 1.50002 1.43879
55 1 1.50009 1.45157
55.05 1 1.49892 1.46328
55.1 1 1.4965 1.47388
55.15 1 1.49283 1.48335
55.2 1 1.48794 1.49167
55.25 1 1.48183 1.49882
55.3 1 1.47451 1.50477
55.35 1 1.466 1.50952
55.4 1 1.45633 1.51306
55.45 1 1.44553 1.51537
55.5 1 1.4336 1.51644
55.55 1 1.42059 1.51629
55.6 1 1.40654 1.5149
55.65 1 1.39146 1.51228
55.7 1 1.37541 1.50844
55.75 1 1.35842 1.50339
55.8 1 1.34053 1.49713
55.85 1 1.32179 1.48968
55.9 1 1.30225 1.48107
55.95 1 1.28195 1.47131
56 1 1.26095 1.46043
56.05 1 1.23929 1.44845
56.1 1 1.21704 1.4354
56.15 1 1.19424 1.42131
56.2 1 1.17096 1.40622
56.25 1 1.14725 1.39017
56.3 1 1.12318 1.37319
56.35 1 1.09879 1.35532
56.4 1 1.07416 1.33661
56.45 1 1.04934 1.3171
56.5 1 1.0244 1.29685
56.55 1 0.999403 1.27589
56.6 1 0.974404 1.25429
56.65 1 0.949468 1.23209
56.7 1 0.924658 1.20934
56.75 1 0.900037 1.18611
56.8 1 0.875665 1.16245
56.85 1 0.851605 1.13842
56.9 1 0.827915 1.11408
56.95 1 0.804655 1.08948
57 1 0.781884 1.06468
57.05 1 0.759657 1.03976
57.1 1 0.738032 1.01476
57.15 1 0.717061 0.989747
57.2 1 0.696798 0.964787
57.25 1 0.677292 0.939938
57.3 1 0.658592 0.915261
57.35 1 0.640746 0.890816
57.4 1 0.623798 0.866665
57.45 1 0.607791 0.842865
57.5 1 0.592763 0.819476
57.55 1 0.578754 0.796555
57.6 1 0.565797 0.774159
57.65 1 0.553926 0.752342
57.7 1 0.543169 0.731158
57.75 1 0.533554 0.710659
57.8 1 0.525105 0.690896
57.85 1 0.517844 0.671918
57.9 1 0.511787 0.653771
57.95 1 0.506951 0.636499
58 1 0.503347 0.620147
58.05 1 0.500984 0.604754
58.1 1 0.499869 0.590357
58.15 1 0.500003 0.576994
58.2 1 0.501388 0.564696
58.25 1 0.504019 0.553494
58.3 1 0.507889 0.543415
58.35 1 0.51299 0.534485
58.4 1 0.519308 0.526726
58.45 1 0.526826 0.520157
58.5 1 0.535528 0.514794
58.55 1 0.545391 0.51065
58.6 1 0.55639 0.507736
58.65 1 0.568498 0.506059
58.7 1 0.581685 0.505622
58.75 1 0.595917 0.506427
58.8 1 0.611159 0.508473
58.85 1 0.627373 0.511754
58.9 1 0.644518 0.516262
58.95 1 0.662552 0.521986
59 1 0.681429 0.528911
59.05 1 0.701103 0.537021
59.1 1 0.721523 0.546295
59.15 1 0.74264 0.55671
59.2 1 0.7644 0.568241
59.25 1 0.786749 0.58086
59.3 1 0.809631 0.594534
59.35 1 0.832988 0.609232
59.4 1 0.856764 0.624914
59.45 1 0.880897 0.641545
59.5 1 0.905328 0.659081
59.55 1 0.929995 0.67748
59.6 1 0.954838 0.696697
59.65 1 0.979793 0.716684
59.7 1 1.0048 0.737393
59.75 1 1.02979 0.758771
59.8 1 1.05471 0.780767
59.85 1 1.0795 0.803326
59.9 1 1.10408 0.826392
59.95 1 1.1284 0.849909
60 1 1.15241 0.87382
60.05 1 1.17603 0.898066
60.1 1 1.19921 0.922586
60.15 1 1.22189 0.947321
60.2 1 1.24402 0.97221
60.25 1 1.26554 0.997192
60.3 1 1.2864 1.02221
60.35 1 1.30654 1.04719
60.4 1 1.32591 1.07209
60.45 1 1.34447 1.09683
60.5 1 1.36217 1.12136
60.55 1 1.37897 1.14562
60.6 1 1.39481 1.16955
60.65 1 1.40967 1.19308
60.7 1 1.42351 1.21618
60.75 1 1.43628 1.23876
60.8 1 1.44797 1.26079
60.85 1 1.45854 1.28221
60.9 1 1.46796 1.30296
60.95 1 1.47621 1.323
61 1 1.48327 1.34228
61.05 1 1.48912 1.36074
61.1 1 1.49375 1.37835
61.15 1 1.49715 1.39506
61.2 1 1.4993 1.41083
61.25 1 1.50021 1.42563
61.3 1 1.49986 1.43941
61.35 1 1.49827 1.45215
61.4 1 1.49543 1.4638
61.45 1 1.49135 1.47436
61.5 1 1.48604 1.48378
61.55 1 1.47952 1.49204
61.6 1 1.4718 1.49914
61.65 1 1.4629 1.50504
61.7 1 1.45285 1.50973
61.75 1 1.44166 1.51321
61.8 1 1.42937 1.51546
61.85 1 1.41601 1.51649
61.9 1 1.4016 1.51627
61.95 1 1.38619 1.51483
62 1 1.36982 1.51216
62.05 1 1.35252 1.50826
62.1 1 1.33434 1.50315
62.15 1 1.31533 1.49684
62.2 1 1.29552 1.48934
62.25 1 1.27498 1.48067
62.3 1 1.25375 1.47086
62.35 1 1.23189 1.45993
62.4 1 1.20945 1.4479
62.45 1 1.18648 1.4348
62.5 1 1.16305 1.42067
62.55 1 1.13921 1.40553
62.6 1 1.11502 1.38943
62.65 1 1.09054 1.37241
62.7 1 1.06584 1.3545
62.75 1 1.04098 1.33575
62.8 1 1.01601 1.31621
